0.0
204.0
200.0
272.0
311.0
223.0
214.0
232.0
136.0
189.0
160.0
172.0
195.0
189.0
169.0
176.0
152.0
214.0
207.0
202.0
195.0
153.0
160.0
183.0
162.0
180.0
184.0
197.0
200.0
212.0
184.0
205.0
190.0
173.0
203.0
169.0
185.0
221.0
140.0
159.0
180.0
210.0
174.0
195.0
201.0
181.0
165.0
224.0
189.0
183.0
209.0
174.0
176.0
213.0
198.0
188.0
167.0
201.0
160.0
179.0
191.0
228.0
187.0
200.0
159.0
223.0
179.0
177.0
190.0
218.0
178.0
199.0
213.0
136.0
168.0
213.0
183.0
225.0
211.0
178.0
245.0
170.0
184.0
200.0
181.0
277.0
183.0
207.0
213.0
223.0
188.0
186.0
142.0
174.0
213.0
187.0
156.0
217.0
197.0
180.0
201.0
