0.0
236.0
245.0
234.0
215.0
216.0
289.0
230.0
236.0
217.0
223.0
219.0
251.0
201.0
286.0
218.0
245.0
230.0
222.0
224.0
202.0
196.0
234.0
196.0
261.0
237.0
242.0
239.0
236.0
222.0
258.0
241.0
210.0
234.0
224.0
200.0
186.0
262.0
276.0
270.0
266.0
235.0
182.0
259.0
214.0
237.0
238.0
148.0
193.0
210.0
253.0
237.0
253.0
206.0
218.0
207.0
253.0
230.0
229.0
228.0
241.0
236.0
265.0
248.0
295.0
305.0
235.0
208.0
210.0
299.0
219.0
228.0
295.0
233.0
245.0
230.0
272.0
201.0
199.0
237.0
231.0
251.0
266.0
205.0
247.0
268.0
231.0
208.0
205.0
272.0
320.0
263.0
265.0
242.0
228.0
257.0
220.0
231.0
236.0
255.0
241.0
211.0
