282.0
313.0
351.0
300.0
321.0
328.0
300.0
312.0
319.0
264.0
313.0
309.0
326.0
292.0
331.0
319.0
343.0
300.0
287.0
315.0
338.0
306.0
333.0
338.0
310.0
346.0
336.0
312.0
356.0
328.0
253.0
323.0
369.0
336.0
308.0
318.0
323.0
289.0
411.0
318.0
333.0
301.0
322.0
354.0
332.0
315.0
335.0
329.0
295.0
296.0
338.0
339.0
327.0
333.0
338.0
307.0
284.0
265.0
313.0
334.0
321.0
331.0
321.0
319.0
344.0
332.0
316.0
315.0
337.0
293.0
363.0
320.0
361.0
399.0
336.0
297.0
397.0
418.0
312.0
291.0
361.0
346.0
344.0
273.0
318.0
303.0
340.0
318.0
298.0
347.0
327.0
283.0
315.0
0.0
305.0
318.0
354.0
325.0
336.0
306.0
352.0
300.0
331.0
336.0
348.0
