0.0
398.0
409.0
418.0
423.0
377.0
392.0
416.0
444.0
380.0
390.0
404.0
368.0
441.0
438.0
404.0
381.0
422.0
443.0
470.0
413.0
423.0
434.0
398.0
411.0
415.0
438.0
432.0
363.0
420.0
426.0
371.0
391.0
402.0
503.0
372.0
409.0
414.0
426.0
418.0
406.0
453.0
366.0
402.0
459.0
404.0
391.0
393.0
439.0
425.0
383.0
413.0
379.0
422.0
412.0
431.0
429.0
405.0
412.0
415.0
425.0
421.0
393.0
392.0
366.0
382.0
422.0
406.0
397.0
418.0
440.0
402.0
396.0
372.0
388.0
398.0
439.0
418.0
468.0
432.0
408.0
451.0
420.0
416.0
396.0
385.0
441.0
400.0
423.0
439.0
409.0
430.0
383.0
636.0
381.0
391.0
426.0
397.0
403.0
408.0
373.0
383.0
423.0
