0.0
453.0
427.0
497.0
437.0
464.0
436.0
433.0
448.0
483.0
459.0
469.0
445.0
482.0
449.0
474.0
476.0
439.0
437.0
477.0
442.0
453.0
434.0
497.0
524.0
489.0
440.0
412.0
464.0
438.0
454.0
433.0
467.0
453.0
444.0
458.0
471.0
429.0
458.0
488.0
465.0
458.0
448.0
449.0
415.0
468.0
496.0
460.0
445.0
485.0
477.0
404.0
464.0
499.0
498.0
491.0
455.0
463.0
430.0
420.0
471.0
456.0
459.0
452.0
473.0
458.0
468.0
455.0
435.0
441.0
472.0
453.0
433.0
445.0
436.0
499.0
443.0
440.0
436.0
469.0
466.0
452.0
453.0
464.0
459.0
464.0
561.0
468.0
454.0
494.0
465.0
443.0
477.0
462.0
448.0
473.0
447.0
456.0
498.0
487.0
474.0
433.0
459.0
444.0
417.0
429.0
459.0
455.0
473.0
448.0
433.0
477.0
429.0
443.0
448.0
450.0
