544.0
526.0
458.0
479.0
502.0
491.0
491.0
503.0
496.0
517.0
497.0
459.0
490.0
526.0
497.0
490.0
486.0
500.0
500.0
485.0
520.0
546.0
485.0
580.0
472.0
518.0
513.0
518.0
490.0
511.0
511.0
496.0
531.0
529.0
510.0
501.0
501.0
467.0
484.0
530.0
481.0
488.0
465.0
535.0
509.0
490.0
482.0
506.0
490.0
481.0
492.0
503.0
482.0
519.0
527.0
497.0
523.0
552.0
520.0
525.0
507.0
492.0
524.0
485.0
487.0
477.0
460.0
503.0
526.0
502.0
477.0
514.0
467.0
493.0
495.0
467.0
448.0
494.0
476.0
501.0
487.0
483.0
500.0
528.0
490.0
495.0
489.0
443.0
508.0
506.0
474.0
501.0
501.0
516.0
511.0
532.0
511.0
504.0
530.0
511.0
498.0
