547.0
550.0
547.0
508.0
534.0
533.0
561.0
594.0
574.0
573.0
530.0
548.0
552.0
538.0
553.0
529.0
537.0
534.0
577.0
565.0
529.0
566.0
577.0
547.0
574.0
538.0
544.0
541.0
540.0
544.0
565.0
535.0
590.0
595.0
569.0
597.0
564.0
516.0
521.0
562.0
564.0
546.0
567.0
537.0
544.0
548.0
528.0
563.0
548.0
541.0
578.0
541.0
507.0
555.0
537.0
540.0
621.0
542.0
609.0
537.0
607.0
510.0
572.0
541.0
534.0
555.0
565.0
580.0
576.0
515.0
538.0
598.0
544.0
542.0
556.0
515.0
511.0
547.0
555.0
575.0
583.0
587.0
550.0
554.0
519.0
530.0
553.0
512.0
557.0
579.0
534.0
563.0
533.0
530.0
558.0
564.0
561.0
556.0
545.0
544.0
