591.0
595.0
622.0
588.0
597.0
580.0
634.0
567.0
566.0
560.0
575.0
671.0
593.0
563.0
643.0
585.0
597.0
582.0
572.0
582.0
592.0
569.0
608.0
610.0
590.0
651.0
626.0
634.0
595.0
593.0
600.0
593.0
620.0
614.0
619.0
576.0
574.0
603.0
545.0
623.0
585.0
543.0
572.0
514.0
638.0
589.0
561.0
607.0
612.0
619.0
586.0
649.0
566.0
583.0
589.0
572.0
594.0
538.0
563.0
605.0
600.0
593.0
591.0
604.0
605.0
603.0
592.0
564.0
542.0
580.0
598.0
601.0
559.0
555.0
613.0
609.0
609.0
599.0
612.0
587.0
582.0
626.0
589.0
588.0
594.0
592.0
607.0
611.0
590.0
642.0
618.0
623.0
561.0
615.0
596.0
654.0
625.0
555.0
604.0
573.0
604.0
587.0
583.0
592.0
583.0
618.0
600.0
