0.0
645.0
647.0
639.0
656.0
631.0
678.0
579.0
661.0
677.0
618.0
659.0
622.0
650.0
652.0
631.0
641.0
654.0
640.0
629.0
691.0
636.0
658.0
636.0
625.0
643.0
658.0
632.0
607.0
618.0
591.0
648.0
658.0
627.0
702.0
650.0
622.0
595.0
680.0
655.0
600.0
617.0
624.0
666.0
606.0
632.0
620.0
664.0
638.0
663.0
638.0
640.0
636.0
636.0
657.0
624.0
626.0
672.0
682.0
695.0
599.0
636.0
628.0
649.0
658.0
624.0
637.0
666.0
626.0
607.0
627.0
673.0
650.0
637.0
717.0
626.0
687.0
619.0
627.0
647.0
591.0
663.0
609.0
665.0
647.0
612.0
653.0
652.0
677.0
661.0
663.0
632.0
616.0
630.0
640.0
635.0
637.0
626.0
620.0
626.0
644.0
641.0
628.0
