0.0
722.0
714.0
693.0
702.0
647.0
678.0
676.0
682.0
695.0
668.0
697.0
725.0
672.0
658.0
673.0
658.0
681.0
715.0
674.0
703.0
697.0
687.0
667.0
710.0
693.0
683.0
663.0
706.0
698.0
701.0
673.0
691.0
672.0
695.0
682.0
682.0
690.0
684.0
666.0
780.0
675.0
700.0
722.0
643.0
673.0
724.0
735.0
655.0
671.0
667.0
661.0
702.0
679.0
663.0
690.0
703.0
689.0
672.0
663.0
672.0
700.0
709.0
675.0
686.0
724.0
696.0
719.0
680.0
712.0
654.0
705.0
701.0
672.0
696.0
662.0
681.0
671.0
655.0
705.0
686.0
688.0
714.0
718.0
656.0
702.0
655.0
694.0
744.0
660.0
635.0
668.0
660.0
682.0
664.0
763.0
667.0
663.0
684.0
694.0
690.0
