729.0
737.0
730.0
727.0
735.0
712.0
706.0
712.0
691.0
723.0
728.0
757.0
777.0
769.0
706.0
773.0
737.0
706.0
753.0
740.0
762.0
712.0
750.0
728.0
718.0
758.0
726.0
733.0
751.0
755.0
692.0
715.0
752.0
736.0
744.0
735.0
765.0
775.0
723.0
785.0
782.0
659.0
793.0
739.0
727.0
740.0
734.0
740.0
729.0
731.0
723.0
711.0
769.0
723.0
732.0
749.0
763.0
754.0
805.0
734.0
750.0
764.0
727.0
747.0
753.0
702.0
684.0
719.0
713.0
730.0
738.0
775.0
724.0
741.0
738.0
730.0
762.0
731.0
740.0
719.0
705.0
749.0
725.0
741.0
732.0
674.0
707.0
740.0
729.0
729.0
740.0
739.0
815.0
779.0
831.0
719.0
720.0
694.0
709.0
762.0
738.0
