0.192	0.98	0.07
0.384	1.96	0.14
0.576	2.94	0.23
0.768	3.92	0.32
0.96	4.86	0.39
1.152	5.84	0.48
1.344	6.82	0.55
1.536	7.82	0.64
1.728	8.8	0.73
1.92	9.78	0.84
2.112	9.78	0.86
2.304	9.78	0.88
2.496	9.78	0.88
2.688	9.78	0.9
2.88	9.84	0.92
3.072	9.84	0.94
3.264	9.86	0.98
3.456	9.88	0.98
3.648	9.9	0.98
3.84	9.9	0.98
4.032	9.88	1.0
4.224	9.88	1.0
4.416	9.88	1.02
4.608	9.86	1.0
4.8	9.86	1.02
4.992	9.88	1.02
5.184	9.88	1.0
5.376	9.84	1.0
5.568	9.84	1.02
5.76	9.86	1.02
5.952	9.9	1.02
6.144	9.9	1.0
6.336	9.9	1.0
6.528	9.94	1.02
6.72	9.94	1.08
6.912	9.94	1.08
7.104	9.92	1.08
7.296	9.94	1.1
7.488	9.94	1.08
7.68	9.94	1.04
7.872	9.94	1.0
8.064	9.96	1.0
8.256	9.98	0.98
8.448	9.98	0.96
8.64	9.98	0.86
8.832	9.96	0.84
9.024	9.98	0.86
9.216	9.98	0.84
9.408	9.98	0.84
9.6	9.96	0.84
9.792	9.96	0.88
9.984	9.94	0.9
10.176	9.92	0.88
10.368	9.92	0.9
10.56	9.9	0.92
10.752	9.9	0.94
10.944	9.88	0.9
11.136	9.88	0.88
11.328	9.86	0.84
11.52	9.86	0.86
11.712	9.86	0.82
11.904	9.84	0.82
12.096	9.84	0.84
12.288	9.84	0.8
12.48	9.84	0.78
12.672	9.84	0.76
12.864	9.84	0.78
13.056	9.82	0.78
13.248	9.82	0.8
13.44	9.8	0.8
13.632	9.78	0.82
13.824	9.8	0.82
14.016	9.8	0.8
14.208	9.76	0.8
14.4	9.76	0.8
14.592	9.74	0.76
14.784	9.74	0.74
14.976	9.72	0.74
15.168	9.7	0.76
15.36	9.7	0.74
15.552	9.68	0.72
15.744	9.68	0.7
15.936	9.66	0.7
16.128	9.66	0.7
16.32	9.66	0.7
16.512	9.66	0.74
16.704	9.64	0.74
16.896	9.64	0.76
17.088	9.66	0.76
17.28	9.66	0.78
17.472	9.66	0.8
17.664	9.66	0.82
17.856	9.68	0.84
18.048	9.7	0.86
18.24	9.68	0.9
18.432	9.7	0.88
18.624	9.7	0.9
18.816	9.72	0.88
19.008	9.74	0.88
19.2	9.78	0.88
19.392	9.8	0.88
19.584	9.82	0.86
19.776	9.82	0.86
19.968	9.82	0.86
20.16	9.84	0.84
20.352	9.84	0.86
20.544	9.88	0.86
20.736	9.9	0.88
20.928	9.9	0.88
21.12	9.9	0.88
21.312	9.9	0.88
21.504	9.9	0.92
21.696	9.9	0.92
21.888	9.92	0.94
22.08	9.94	0.94
22.272	9.96	0.94
22.464	9.96	0.94
22.656	9.96	0.94
22.848	9.96	0.94
23.04	9.94	0.94
23.232	9.96	0.96
23.424	9.96	1.02
23.616	9.98	1.02
23.808	9.98	1.0
24.0	9.96	1.0
24.192	9.96	1.0
24.384	9.96	1.0
24.576	9.94	1.0
24.768	9.94	1.02
24.96	9.96	1.04
25.152	9.96	1.04
25.344	9.96	0.96
25.536	9.96	0.96
25.728	9.94	0.94
25.92	9.96	0.94
26.112	9.94	0.92
26.304	9.92	0.9
26.496	9.92	0.9
26.688	9.9	0.86
26.88	9.88	0.84
27.072	9.88	0.82
27.264	9.86	0.82
27.456	9.84	0.82
27.648	9.86	0.84
27.84	9.84	0.84
28.032	9.84	0.86
28.224	9.84	0.88
28.416	9.84	0.88
28.608	9.82	0.92
28.8	9.82	0.9
28.992	9.8	0.92
29.184	9.8	0.92
29.376	9.8	0.92
29.568	9.78	0.9
29.76	9.78	0.86
29.952	9.78	0.84
30.144	9.76	0.84
30.336	9.76	0.84
30.528	9.78	0.78
30.72	9.76	0.78
30.912	9.74	0.74
31.104	9.72	0.72
31.296	9.72	0.7
31.488	9.7	0.7
31.68	9.68	0.74
31.872	9.64	0.76
32.064	9.66	0.74
32.256	9.64	0.72
32.448	9.62	0.76
32.64	9.64	0.64
32.832	9.64	0.62
33.024	9.64	0.64
33.216	9.64	0.64
33.408	9.66	0.64
33.6	9.66	0.66
33.792	9.7	0.66
33.984	9.68	0.66
34.176	9.68	0.68
34.368	9.7	0.66
34.56	9.7	0.8
34.752	9.7	0.84
34.944	9.72	0.84
35.136	9.7	0.88
35.328	9.7	0.88
35.52	9.72	0.86
35.712	9.7	0.84
35.904	9.72	0.88
36.096	9.74	0.88
36.288	9.78	0.92
36.48	9.78	0.94
36.672	9.82	0.98
36.864	9.84	1.0
37.056	9.86	0.98
37.248	9.86	1.02
37.44	9.88	1.04
37.632	9.92	1.08
37.824	9.94	1.1
38.016	9.94	1.1
38.208	9.92	1.08
38.4	9.94	1.06
38.592	9.94	1.02
38.784	9.94	1.0
38.976	9.96	1.0
39.168	9.98	0.98
39.36	9.98	0.98
39.552	9.96	0.96
39.744	9.94	0.9
39.936	9.96	0.9
40.128	9.94	0.94
40.32	9.92	0.92
40.512	9.92	0.9
40.704	9.92	0.88
40.896	9.9	0.86
41.088	9.9	0.86
41.28	9.9	0.84
41.472	9.92	0.82
41.664	9.92	0.84
41.856	9.92	0.82
42.048	9.94	0.76
42.24	9.96	0.76
42.432	9.94	0.78
42.624	9.94	0.8
42.816	9.96	0.82
43.008	9.94	0.82
43.2	9.92	0.82
43.392	9.9	0.84
43.584	9.9	0.82
43.776	9.88	0.82
43.968	9.86	0.84
44.16	9.84	0.84
44.352	9.86	0.84
44.544	9.84	0.82
44.736	9.8	0.78
44.928	9.8	0.78
45.12	9.78	0.78
45.312	9.78	0.78
45.504	9.78	0.8
45.696	9.78	0.8
45.888	9.78	0.78
46.08	9.78	0.82
46.272	9.76	0.8
46.464	9.76	0.82
46.656	9.78	0.86
46.848	9.76	0.86
47.04	9.76	0.84
47.232	9.74	0.82
47.424	9.74	0.8
47.616	9.72	0.82
47.808	9.72	0.82
48.0	9.7	0.78
48.192	9.7	0.78
48.384	9.68	0.78
48.576	9.66	0.76
48.768	9.66	0.76
48.96	9.66	0.78
49.152	9.66	0.78
49.344	9.66	0.70000001
49.536	9.66	0.68000001
49.728	9.64	0.68000001
49.92	9.66	0.68000001
50.112	9.64	0.68000001
50.304	9.66	0.64000001
50.496	9.68	0.66000001
50.688	9.68	0.66000001
50.88	9.7	0.66000001
51.072	9.72	0.66000001
51.264	9.72	0.78
51.456	9.74	0.8
51.648	9.76	0.82
51.84	9.76	0.84
52.032	9.78	0.86
52.224	9.78	0.9
52.416	9.78	0.9
52.608	9.8	0.9
52.8	9.8	0.9
52.992	9.8	0.94
53.184	9.82	0.92
53.376	9.8	0.94
53.568	9.8	0.94
53.76	9.82	0.96
53.952	9.82	0.96
54.144	9.84	0.94
54.336	9.86	0.96
54.528	9.88	1.0
54.72	9.9	1.3
54.912	9.92	1.26
55.104	9.92	1.18
55.296	9.96	1.16
55.488	9.96	1.18
55.68	9.96	1.16
55.872	9.96	1.16
56.064	9.96	1.16
56.256	9.94	1.16
56.448	9.94	1.14
56.64	9.94	0.84
56.832	9.92	0.84
57.024	9.92	0.88
57.216	9.92	0.92
57.408	9.94	0.88
57.6	9.92	0.88
57.792	9.94	0.9
57.984	9.94	0.9
58.176	9.96	0.86
58.368	9.94	0.82
58.56	9.92	0.82
58.752	9.94	0.82
58.944	9.92	0.86
59.136	9.9	0.82
59.328	9.88	0.82
59.52	9.9	0.82
59.712	9.9	0.82
59.904	9.9	0.82
60.096	9.88	0.82
60.288	9.88	0.82
60.48	9.88	0.82
60.672	9.86	0.84
60.864	9.86	0.82
61.056	9.86	0.82
61.248	9.86	0.84
61.44	9.82	0.8
61.632	9.8	0.78
61.824	9.78	0.8
62.016	9.78	0.8
62.208	9.78	0.82
62.4	9.78	0.82
62.592	9.78	0.8
62.784	9.78	0.82
62.976	9.76	0.82
63.168	9.76	0.8
63.36	9.78	0.86
63.552	9.78	0.86
63.744	9.78	0.84
63.936	9.78	0.86
64.128	9.76	0.86
64.32	9.74	0.84
64.512	9.72	0.86
64.704	9.7	0.86
64.896	9.7	0.84
65.088	9.68	0.82
65.28	9.68	0.76
65.472	9.66	0.72
65.664	9.64	0.72
65.856	9.62	0.68
66.048	9.62	0.62
66.24	9.64	0.64
66.432	9.64	0.64
66.624	9.64	0.64
66.816	9.64	0.64
67.008	9.64	0.68
67.2	9.62	0.68
67.392	9.62	0.74
67.584	9.62	0.74
67.776	9.64	0.78
67.968	9.64	0.84
68.16	9.66	0.84
68.352	9.66	0.84
68.544	9.68	0.82
68.736	9.7	0.84
68.928	9.7	0.84
69.12	9.72	0.86
69.312	9.72	0.86
69.504	9.76	0.88
69.696	9.74	0.88
69.888	9.76	0.88
70.08	9.74	0.9
70.272	9.78	0.92
70.464	9.78	0.96
70.656	9.78	0.96
70.848	9.82	0.98
71.04	9.84	1.02
71.232	9.86	1.0
71.424	9.86	1.02
71.616	9.88	1.04
71.808	9.88	1.06
72.0	9.88	1.04
72.192	9.88	1.06
72.384	9.9	1.06
72.576	9.92	1.04
72.768	9.92	1.0
72.96	9.92	0.98
73.152	9.94	1.0
73.344	9.94	1.0
73.536	9.96	0.98
73.728	9.98	0.96
73.92	9.98	0.98
74.112	9.96	0.9
74.304	9.94	0.84
74.496	9.94	0.88
74.688	9.94	0.80000001
74.88	9.92	0.66000001
75.072	9.92	0.62000001
75.264	9.92	0.56000001
75.456	9.9	0.54000001
75.648	9.88	0.52000001
75.84	9.88	0.50000001
76.032	9.9	0.52000001
76.224	9.9	0.54000001
76.416	9.88	0.52000001
76.608	9.88	0.62
76.8	9.9	0.76
76.992	9.88	0.8
77.184	9.88	0.82
77.376	9.9	0.84
77.568	9.9	0.84
77.76	9.9	0.84
77.952	9.88	0.84
78.144	9.88	0.86
78.336	9.88	0.84
78.528	9.86	0.84
78.72	9.84	0.82
78.912	9.84	0.8
79.104	9.82	0.82
79.296	9.8	0.8
79.488	9.8	0.8
79.68	9.78	0.78
79.872	9.78	0.8
80.064	9.76	0.8
80.256	9.74	0.8
80.448	9.74	0.78
80.64	9.74	0.78
80.832	9.74	0.76
81.024	9.74	0.76
81.216	9.74	0.78
81.408	9.72	0.76
81.6	9.74	0.76
81.792	9.74	0.74
81.984	9.74	0.72
82.176	9.76	0.76
82.368	9.74	0.78
82.56	9.74	0.78
82.752	9.72	0.78
82.944	9.7	0.74
83.136	9.7	0.72
83.328	9.7	0.76
83.52	9.68	0.78
83.712	9.68	0.82
83.904	9.7	0.82
84.096	9.7	0.8
84.288	9.72	0.78
84.48	9.7	0.82
84.672	9.72	0.82
84.864	9.74	0.86
85.056	9.74	0.88
85.248	9.76	0.88
85.44	9.78	0.88
85.632	9.78	0.86
85.824	9.78	0.9
86.016	9.78	0.92
86.208	9.8	0.94
86.4	9.82	0.94
86.592	9.82	0.96
86.784	9.84	0.98
86.976	9.84	1.0
87.168	9.86	1.0
87.36	9.86	1.0
87.552	9.86	0.98
87.744	9.88	0.98
87.936	9.88	0.96
88.128	9.86	0.96
88.32	9.88	0.92
88.512	9.88	0.9
88.704	9.86	0.88
88.896	9.86	0.86
89.088	9.86	0.86
89.28	9.86	0.86
89.472	9.88	0.88
89.664	9.88	0.84
89.856	9.88	0.84
90.048	9.88	0.9
90.24	9.86	0.92
90.432	9.88	0.92
90.624	9.88	0.92
90.816	9.9	0.92
91.008	9.88	0.9
91.2	9.88	0.88
91.392	9.86	0.88
91.584	9.86	0.88
91.776	9.88	0.88
91.968	9.9	0.8
92.16	9.9	0.8
92.352	9.9	0.82
92.544	9.9	0.8
92.736	9.88	0.78
92.928	9.9	0.8
93.12	9.9	0.8
93.312	9.9	0.8
93.504	9.88	0.82
93.696	9.86	0.82
93.888	9.84	0.84
94.08	9.84	0.84
94.272	9.84	0.84
94.464	9.84	0.84
94.656	9.84	0.84
94.848	9.82	0.82
95.04	9.82	0.84
95.232	9.82	0.82
95.424	9.82	0.8
95.616	9.84	0.78
95.808	9.84	0.76
96.0	9.82	0.76
96.192	9.82	0.74
96.384	9.8	0.74
96.576	9.8	0.74
96.768	9.8	0.76
96.96	9.8	0.74
97.152	9.8	0.74
97.344	9.78	0.76
97.536	9.74	0.76
97.728	9.72	0.74
97.92	9.74	0.72
98.112	9.7	0.72
98.304	9.7	0.72
98.496	9.7	0.74
98.688	9.68	0.72
98.88	9.68	0.74
99.072	9.68	0.74
99.264	9.7	0.7
99.456	9.7	0.7
99.648	9.72	0.72
99.84	9.7	0.72
100.032	9.72	0.74
100.224	9.74	0.76
100.416	9.72	0.74
100.608	9.72	0.74
100.8	9.7	0.72
100.992	9.68	0.74
101.184	9.66	0.78
101.376	9.66	0.84
101.568	9.64	0.86
101.76	9.66	0.9
101.952	9.66	0.9
102.144	9.66	0.9
102.336	9.68	0.92
102.528	9.72	0.96
102.72	9.76	1.0
102.912	9.78	1.0
103.104	9.8	1.0
103.296	9.82	0.98
103.488	9.84	1.0
103.68	9.84	0.98
103.872	9.84	1.0
104.064	9.86	1.0
104.256	9.86	1.02
104.448	9.84	1.02
104.64	9.84	1.0
104.832	9.84	1.02
105.024	9.84	1.02
105.216	9.88	1.02
105.408	9.9	1.02
105.6	9.92	1.04
105.792	9.92	1.02
105.984	9.92	1.04
106.176	9.94	1.02
106.368	9.96	0.98
106.56	9.96	1.0
106.752	9.98	1.04
106.944	10.0	1.04
107.136	9.98	1.02
107.328	9.96	0.98
107.52	9.96	0.94
107.712	9.98	0.92
107.904	9.98	0.92
108.096	9.98	0.92
108.288	9.96	0.94
108.48	9.94	0.92
108.672	9.94	0.86
108.864	9.94	0.86
109.056	9.92	0.86
109.248	9.94	0.84
109.44	9.92	0.84
109.632	9.9	0.86
109.824	9.9	0.82
110.016	9.88	0.8
110.208	9.9	0.78
110.4	9.92	0.76
110.592	9.9	0.74
110.784	9.88	0.72
110.976	9.9	0.72
111.168	9.88	0.74
111.36	9.88	0.76
111.552	9.88	0.74
111.744	9.86	0.74
111.936	9.86	0.78
112.128	9.84	0.8
112.32	9.82	0.8
112.512	9.8	0.8
112.704	9.8	0.8
112.896	9.78	0.78
113.088	9.78	0.8
113.28	9.78	0.78
113.472	9.76	0.78
113.664	9.76	0.82
113.856	9.76	0.8
114.048	9.74	0.74
114.24	9.72	0.74
114.432	9.74	0.76
114.624	9.72	0.76
114.816	9.74	0.74
115.008	9.72	0.72
115.2	9.7	0.72
115.392	9.68	0.72
115.584	9.66	0.66
115.776	9.66	0.62
115.968	9.68	0.56
116.16	9.68	0.56
116.352	9.68	0.54
116.544	9.7	0.56
116.736	9.66	0.62
116.928	9.66	0.58
117.12	9.68	0.6
117.312	9.72	0.6
117.504	9.72	0.58
117.696	9.72	0.6
117.888	9.7	0.78
118.08	9.72	1.04
118.272	9.74	1.14
118.464	9.74	1.18
118.656	9.76	1.1
118.848	9.76	1.16
119.04	9.78	1.16
119.232	9.78	1.18
119.424	9.82	1.24
119.616	9.84	1.26
119.808	9.88	1.26
120.0	9.88	1.02
120.192	9.88	0.94
120.384	9.9	0.88
120.576	9.92	0.94
120.768	9.96	0.96
120.96	9.96	0.96
121.152	9.96	0.96
121.344	9.96	0.96
121.536	9.96	0.96
121.728	9.96	0.9
121.92	9.98	0.92
122.112	9.96	0.94
122.304	9.94	0.98
122.496	9.92	0.98
122.688	9.92	0.98
122.88	9.92	1.0
123.072	9.92	0.98
123.264	9.9	0.98
123.456	9.88	0.9
123.648	9.88	0.88
123.84	9.88	1.06
124.032	9.9	1.0
124.224	9.9	1.14
124.416	9.92	1.0
124.608	9.92	0.96
124.8	9.92	1.08
124.992	9.92	1.12
125.184	9.94	1.4
125.376	9.96	1.46
125.568	9.94	1.48
125.76	9.94	1.26
125.952	9.94	1.28
126.144	9.94	1.12
126.336	9.92	1.26
126.528	9.9	1.24
126.72	9.88	1.1
126.912	9.9	1.08
127.104	9.88	0.78
127.296	9.88	0.78
127.488	9.9	0.78
127.68	9.88	0.8
127.872	9.84	0.84
128.064	9.84	0.82
128.256	9.84	0.82
128.448	9.84	0.82
128.64	9.82	0.8
128.832	9.8	0.8
129.024	9.82	0.8
129.216	9.8	0.82
129.408	9.78	0.82
129.6	9.78	0.8
129.792	9.8	0.78
129.984	9.8	0.8
130.176	9.78	0.78
130.368	9.76	0.8
130.56	9.76	0.82
130.752	9.76	0.8
130.944	9.72	0.8
131.136	9.72	0.76
131.328	9.7	0.76
131.52	9.68	0.74
131.712	9.7	0.72
131.904	9.68	0.72
132.096	9.7	0.74
132.288	9.72	0.74
132.48	9.74	0.72
132.672	9.72	0.66
132.864	9.74	0.68
133.056	9.72	0.7
133.248	9.74	0.7
133.44	9.76	0.74
133.632	9.74	0.74
133.824	9.76	0.74
134.016	9.74	0.74
134.208	9.74	0.76
134.4	9.74	0.8
134.592	9.74	0.88
134.784	9.72	0.88
134.976	9.74	0.9
135.168	9.74	0.9
135.36	9.74	0.9
135.552	9.74	0.92
135.744	9.74	0.94
135.936	9.76	0.94
136.128	9.78	0.96
136.32	9.78	0.94
136.512	9.8	0.94
136.704	9.82	0.94
136.896	9.82	0.98
137.088	9.82	0.98
137.28	9.82	0.98
137.472	9.82	1.0
137.664	9.84	1.0
137.856	9.86	1.0
138.048	9.86	1.0
138.24	9.88	1.0
138.432	9.9	1.0
138.624	9.92	1.02
138.816	9.92	0.98
139.008	9.94	1.02
139.2	9.94	1.04
139.392	9.96	1.06
139.584	9.96	1.06
139.776	9.96	1.06
139.968	9.94	1.06
140.16	9.92	1.08
140.352	9.92	1.1
140.544	9.9	1.06
140.736	9.92	1.04
140.928	9.9	1.0
141.12	9.92	1.0
141.312	9.92	0.96
141.504	9.92	0.94
141.696	9.9	0.94
141.888	9.9	0.9
142.08	9.9	0.86
142.272	9.9	0.82
142.464	9.9	0.84
142.656	9.9	0.86
142.848	9.9	0.84
143.04	9.88	0.8
143.232	9.88	0.8
143.424	9.86	0.8
143.616	9.86	0.78
143.808	9.86	0.8
144.0	9.88	0.8
144.192	9.86	0.84
144.384	9.86	0.84
144.576	9.86	0.82
144.768	9.86	0.86
144.96	9.86	0.86
145.152	9.84	0.84
145.344	9.86	0.84
145.536	9.86	0.84
145.728	9.86	0.86
145.92	9.84	0.86
146.112	9.84	0.84
146.304	9.84	0.84
146.496	9.82	0.84
146.688	9.8	0.84
146.88	9.8	0.84
147.072	9.78	0.86
147.264	9.76	0.86
147.456	9.76	0.86
147.648	9.74	0.82
147.84	9.72	0.8
148.032	9.7	0.8
148.224	9.7	0.78
148.416	9.68	0.82
148.608	9.68	0.76
148.8	9.66	0.76
148.992	9.66	0.74
149.184	9.66	0.7
149.376	9.64	0.66
149.568	9.66	0.64
149.76	9.66	0.66
149.952	9.68	0.64
150.144	9.64	0.66
150.336	9.64	0.64
150.528	9.64	0.64
150.72	9.64	0.68
150.912	9.66	0.68
151.104	9.64	0.7
151.296	9.66	0.76
151.488	9.66	0.76
151.68	9.68	0.78
151.872	9.68	0.82
152.064	9.7	0.8
152.256	9.72	0.82
152.448	9.76	0.84
152.64	9.78	0.84
152.832	9.78	0.88
153.024	9.8	0.92
153.216	9.8	0.94
153.408	9.82	1.0
153.6	9.84	1.02
153.792	9.84	1.0
153.984	9.86	1.06
154.176	9.9	1.06
154.368	9.9	1.1
154.56	9.9	1.1
154.752	9.92	1.08
154.944	9.92	1.06
155.136	9.92	1.04
155.328	9.9	1.04
155.52	9.88	1.0
155.712	9.9	1.0
155.904	9.92	0.98
156.096	9.9	0.96
156.288	9.88	0.94
156.48	9.88	0.94
156.672	9.88	0.98
156.864	9.88	0.98
157.056	9.88	0.96
157.248	9.9	0.92
157.44	9.92	0.94
157.632	9.9	0.94
157.824	9.88	0.92
158.016	9.86	0.92
158.208	9.88	0.9
158.4	9.88	0.9
158.592	9.88	0.86
158.784	9.88	0.84
158.976	9.88	0.86
159.168	9.88	0.86
159.36	9.88	0.84
159.552	9.9	0.8
159.744	9.9	0.78
159.936	9.92	0.78
160.128	9.88	0.8
160.32	9.88	0.76
160.512	9.88	0.76
160.704	9.88	0.78
160.896	9.9	0.76
161.088	9.88	0.78
161.28	9.86	0.8
161.472	9.84	0.82
161.664	9.86	0.82
161.856	9.82	0.82
162.048	9.84	0.8
162.24	9.84	0.82
162.432	9.82	0.82
162.624	9.82	0.8
162.816	9.8	0.82
163.008	9.8	0.82
163.2	9.78	0.8
163.392	9.78	0.82
163.584	9.74	0.8
163.776	9.76	0.8
163.968	9.76	0.82
164.16	9.76	0.82
164.352	9.74	0.8
164.544	9.72	0.8
164.736	9.72	0.8
164.928	9.72	0.78
165.12	9.72	0.78
165.312	9.7	0.76
165.504	9.72	0.8
165.696	9.7	0.78
165.888	9.68	0.74
166.08	9.66	0.7
166.272	9.66	0.72
166.464	9.66	0.74
166.656	9.64	0.74
166.848	9.64	0.74
167.04	9.66	0.76
167.232	9.68	0.78
167.424	9.66	0.78
167.616	9.68	0.8
167.808	9.7	0.84
168.0	9.72	0.88
168.192	9.74	0.88
168.384	9.76	0.88
168.576	9.76	0.86
168.768	9.76	0.88
168.96	9.78	0.88
169.152	9.8	0.88
169.344	9.82	0.88
169.536	9.82	0.88
169.728	9.82	0.88
169.92	9.82	0.88
170.112	9.84	0.9
170.304	9.86	0.92
170.496	9.9	0.96
170.688	9.92	0.98
170.88	9.92	0.98
171.072	9.92	1.0
171.264	9.92	1.0
171.456	9.92	1.0
171.648	9.92	1.02
171.84	9.94	1.04
172.032	9.94	1.02
172.224	9.94	1.02
172.416	9.94	1.0
172.608	9.92	0.96
172.8	9.92	0.98
172.992	9.9	0.96
173.184	9.9	0.96
173.376	9.9	1.02
173.568	9.92	1.0
173.76	9.9	0.98
173.952	9.9	0.98
174.144	9.9	0.96
174.336	9.88	0.94
174.528	9.9	0.96
174.72	9.88	0.92
174.912	9.9	0.92
175.104	9.92	0.92
175.296	9.92	0.84
175.488	9.9	0.82
175.68	9.92	0.78
175.872	9.92	0.76
176.064	9.9	0.74
176.256	9.9	0.74
176.448	9.9	0.74
176.64	9.92	0.74
176.832	9.92	0.72
177.024	9.9	0.7
177.216	9.9	0.7
177.408	9.9	0.68
177.6	9.88	0.72
177.792	9.86	0.72
177.984	9.86	0.74
178.176	9.86	0.76
178.368	9.84	0.74
178.56	9.84	0.74
178.752	9.82	0.76
178.944	9.82	0.78
179.136	9.82	0.78
179.328	9.82	0.8
179.52	9.82	0.8
179.712	9.82	0.82
179.904	9.8	0.82
180.096	9.8	0.82
180.288	9.78	0.84
180.48	9.76	0.84
180.672	9.76	0.82
180.864	9.74	0.8
181.056	9.74	0.8
181.248	9.74	0.82
181.44	9.72	0.82
181.632	9.7	0.8
181.824	9.7	0.78
182.016	9.68	0.78
182.208	9.68	0.76
182.4	9.66	0.76
182.592	9.66	0.74
182.784	9.68	0.74
182.976	9.66	0.76
183.168	9.66	0.78
183.36	9.66	0.78
183.552	9.68	0.8
183.744	9.7	0.8
183.936	9.7	0.76
184.128	9.7	0.78
184.32	9.72	0.78
184.512	9.72	0.84
184.704	9.72	0.84
184.896	9.74	0.84
185.088	9.74	0.82
185.28	9.78	0.84
185.472	9.78	0.82
185.664	9.78	0.84
185.856	9.82	0.88
186.048	9.84	0.88
186.24	9.84	0.9
186.432	9.86	0.9
186.624	9.88	0.94
186.816	9.9	0.94
187.008	9.92	0.96
187.2	9.92	0.96
187.392	9.94	1.0
187.584	9.94	1.04
187.776	9.92	1.06
187.968	9.94	1.06
188.16	9.96	1.06
188.352	9.96	1.06
188.544	9.94	1.06
188.736	9.92	1.06
188.928	9.9	1.04
189.12	9.9	1.02
189.312	9.9	1.0
189.504	9.9	0.98
189.696	9.92	1.0
189.888	9.92	1.0
190.08	9.92	1.04
190.272	9.92	1.0
190.464	9.92	0.96
190.656	9.96	0.98
190.848	9.98	0.98
191.04	9.96	0.96
191.232	9.94	0.98
191.424	9.94	0.96
191.616	9.94	0.92
191.808	9.94	0.9
192.0	9.94	0.84
192.192	9.92	0.84
192.384	9.92	0.82
192.576	9.88	0.78
192.768	9.86	0.76
192.96	9.88	0.76
193.152	9.88	0.76
193.344	9.9	0.74
193.536	9.88	0.74
193.728	9.84	0.76
193.92	9.82	0.76
194.112	9.8	0.76
194.304	9.8	0.8
194.496	9.8	0.82
194.688	9.8	0.84
194.88	9.78	0.86
195.072	9.78	0.84
195.264	9.76	0.84
195.456	9.76	0.82
195.648	9.8	0.82
195.84	9.8	0.86
196.032	9.84	0.86
196.224	9.82	0.86
196.416	9.8	0.84
196.608	9.78	0.82
196.8	9.76	0.82
196.992	9.76	0.8
197.184	9.76	0.8
197.376	9.76	0.8
197.568	9.72	0.78
197.76	9.72	0.74
197.952	9.7	0.74
198.144	9.72	0.72
198.336	9.72	0.72
198.528	9.72	0.72
198.72	9.74	0.72
198.912	9.72	0.72
199.104	9.72	0.74
199.296	9.7	0.64
199.488	9.7	0.64
199.68	9.68	0.64
199.872	9.66	0.66
200.064	9.64	0.68
200.256	9.64	0.68
200.448	9.66	0.68
200.64	9.64	0.66
200.832	9.66	0.68
201.024	9.64	0.68
201.216	9.66	0.8
201.408	9.68	0.84
201.6	9.7	0.88
201.792	9.72	0.9
201.984	9.74	0.9
202.176	9.76	0.9
202.368	9.78	0.94
202.56	9.8	0.98
202.752	9.82	1.0
202.944	9.86	1.0
203.136	9.86	1.0
203.328	9.86	1.0
203.52	9.88	1.0
203.712	9.88	0.98
203.904	9.88	0.98
204.096	9.88	1.0
204.288	9.86	1.02
204.48	9.86	1.32
204.672	9.84	1.34
204.864	9.84	1.36
205.056	9.84	1.36
205.248	9.84	1.36
205.44	9.82	1.34
205.632	9.84	1.36
205.824	9.84	1.38
206.016	9.86	1.38
206.208	9.88	1.36
206.4	9.9	1.04
206.592	9.92	1.0
206.784	9.92	1.0
206.976	9.94	0.98
207.168	9.96	1.0
207.36	9.96	0.98
207.552	9.94	0.94
207.744	9.96	0.92
207.936	9.96	0.92
208.128	9.96	0.9
208.32	9.94	0.98
208.512	9.92	0.98
208.704	9.9	0.94
208.896	9.88	0.96
209.088	9.86	0.92
209.28	9.88	0.92
209.472	9.88	0.94
209.664	9.88	0.92
209.856	9.86	0.9
210.048	9.84	0.86
210.24	9.84	0.76
210.432	9.86	0.74
210.624	9.86	0.76
210.816	9.88	0.74
211.008	9.88	0.74
211.2	9.86	0.74
211.392	9.88	0.72
211.584	9.88	0.74
211.776	9.9	0.78
211.968	9.9	0.82
212.16	9.9	0.84
212.352	9.88	0.84
212.544	9.88	0.82
212.736	9.86	0.84
212.928	9.86	0.84
213.12	9.86	0.84
213.312	9.84	0.86
213.504	9.8	0.84
213.696	9.78	0.82
213.888	9.78	0.82
214.08	9.78	0.8
214.272	9.76	0.82
214.464	9.74	0.8
214.656	9.72	0.78
214.848	9.7	0.78
215.04	9.68	0.84
215.232	9.68	0.82
215.424	9.68	0.82
215.616	9.66	0.8
215.808	9.64	0.78
216.0	9.62	0.72
216.192	9.64	0.7
216.384	9.64	0.74
216.576	9.66	0.76
216.768	9.68	0.76
216.96	9.68	0.72
217.152	9.66	0.72
217.344	9.66	0.74
217.536	9.68	0.76
217.728	9.7	0.78
217.92	9.7	0.86
218.112	9.7	0.88
218.304	9.72	0.86
218.496	9.72	0.86
218.688	9.72	0.86
218.88	9.74	0.88
219.072	9.76	0.9
219.264	9.78	0.92
219.456	9.78	0.92
219.648	9.8	0.94
219.84	9.82	0.94
220.032	9.8	0.94
220.224	9.82	0.96
220.416	9.84	0.96
220.608	9.84	0.98
220.8	9.86	0.96
220.992	9.88	0.98
221.184	9.9	0.98
221.376	9.9	1.02
221.568	9.92	1.02
221.76	9.92	1.02
221.952	9.96	1.02
222.144	9.96	1.02
222.336	9.96	1.02
222.528	9.98	1.0
222.72	9.98	1.02
222.912	9.98	1.02
223.104	9.96	1.0
223.296	9.96	0.96
223.488	9.94	0.94
223.68	9.94	0.94
223.872	9.94	0.94
224.064	9.94	0.92
224.256	9.94	0.92
224.448	9.92	0.92
224.64	9.9	0.88
224.832	9.9	0.86
225.024	9.92	0.86
225.216	9.94	0.86
225.408	9.94	0.84
225.6	9.96	0.84
225.792	9.96	0.82
225.984	9.94	0.84
226.176	9.92	0.8
226.368	9.92	0.8
226.56	9.94	0.8
226.752	9.92	0.78
226.944	9.92	0.76
227.136	9.9	0.76
227.328	9.88	0.78
227.52	9.86	0.76
227.712	9.84	0.74
227.904	9.86	0.72
228.096	9.86	0.76
228.288	9.86	0.74
228.48	9.84	0.74
228.672	9.84	0.76
228.864	9.82	0.78
229.056	9.82	0.78
229.248	9.82	0.76
229.44	9.8	0.74
229.632	9.8	0.76
229.824	9.76	0.76
230.016	9.76	0.72
230.208	9.74	0.74
230.4	9.72	0.76
230.592	9.7	0.76
230.784	9.7	0.76
230.976	9.68	0.74
231.168	9.66	0.74
231.36	9.66	0.76
231.552	9.66	0.76
231.744	9.68	0.78
231.936	9.66	0.8
232.128	9.66	0.8
232.32	9.68	0.78
232.512	9.7	0.74
232.704	9.68	0.7
232.896	9.68	0.7
233.088	9.7	0.72
233.28	9.7	0.72
233.472	9.7	0.72
233.664	9.7	0.72
233.856	9.7	0.74
234.048	9.7	0.7
234.24	9.68	0.72
234.432	9.68	0.72
234.624	9.7	0.76
234.816	9.72	0.78
235.008	9.72	0.78
235.2	9.74	0.8
235.392	9.74	0.82
235.584	9.74	0.82
235.776	9.76	0.82
235.968	9.8	0.88
236.16	9.82	0.9
236.352	9.82	0.94
236.544	9.84	0.94
236.736	9.84	0.92
236.928	9.84	0.92
237.12	9.84	0.94
237.312	9.84	0.94
237.504	9.84	0.94
237.696	9.86	0.94
237.888	9.86	0.92
238.08	9.88	0.9
238.272	9.9	0.92
238.464	9.88	0.94
238.656	9.9	0.98
238.848	9.92	1.0
239.04	9.92	0.98
239.232	9.94	0.98
239.424	9.94	0.96
239.616	9.92	0.98
239.808	9.9	0.98
240.0	9.9	1.04
240.192	9.88	1.02
240.384	9.88	1.0
240.576	9.86	0.98
240.768	9.84	0.96
240.96	9.86	0.96
241.152	9.86	0.96
241.344	9.86	0.98
241.536	9.86	0.94
241.728	9.88	0.94
241.92	9.88	0.88
242.112	9.88	0.88
242.304	9.9	0.9
242.496	9.92	0.9
242.688	9.94	0.88
242.88	9.94	0.88
243.072	9.92	0.86
243.264	9.92	0.86
243.456	9.92	0.86
243.648	9.9	0.86
243.84	9.9	0.86
244.032	9.9	0.86
244.224	9.88	0.84
244.416	9.86	0.82
244.608	9.84	0.84
244.8	9.82	0.84
244.992	9.82	0.86
245.184	9.82	0.84
245.376	9.82	0.86
245.568	9.82	0.84
245.76	9.8	0.84
245.952	9.8	0.82
246.144	9.8	0.8
246.336	9.8	0.82
246.528	9.78	0.78
246.72	9.78	0.78
246.912	9.76	0.76
247.104	9.76	0.76
247.296	9.76	0.76
247.488	9.76	0.78
247.68	9.76	0.78
247.872	9.76	0.8
248.064	9.74	0.82
248.256	9.72	0.8
248.448	9.72	0.82
248.64	9.7	0.82
248.832	9.7	0.82
249.024	9.7	0.84
249.216	9.68	0.82
249.408	9.66	0.78
249.6	9.64	0.78
249.792	9.62	0.76
249.984	9.62	0.76
250.176	9.62	0.76
250.368	9.64	0.76
250.56	9.66	0.76
250.752	9.66	0.76
250.944	9.66	0.76
251.136	9.66	0.76
251.328	9.68	0.8
251.52	9.7	0.78
251.712	9.7	0.8
251.904	9.72	0.82
252.096	9.74	0.84
252.288	9.76	0.86
252.48	9.78	0.86
252.672	9.8	0.9
252.864	9.78	0.88
253.056	9.8	0.88
253.248	9.8	0.88
253.44	9.82	0.88
253.632	9.84	0.9
253.824	9.84	0.9
254.016	9.82	0.88
254.208	9.8	0.9
254.4	9.8	0.9
254.592	9.82	0.92
254.784	9.86	0.92
254.976	9.86	0.94
255.168	9.88	0.96
255.36	9.86	0.98
255.552	9.88	0.96
255.744	9.9	0.94
255.936	9.94	0.96
256.128	9.96	0.94
256.32	9.94	0.94
256.512	9.94	0.92
256.704	9.94	1.02
256.896	9.96	1.02
257.088	9.96	1.0
257.28	9.98	0.98
257.472	9.98	0.94
257.664	9.98	0.92
257.856	9.96	0.92
258.048	9.96	0.9
258.24	9.98	0.9
258.432	9.96	0.86
258.624	9.96	0.76
258.816	9.94	0.74
259.008	9.92	0.72
259.2	9.9	0.74
259.392	9.88	0.76
259.584	9.86	0.8
259.776	9.88	0.8
259.968	9.86	0.8
260.16	9.84	0.78
260.352	9.84	0.8
260.544	9.84	0.82
260.736	9.84	0.84
260.928	9.84	0.86
261.12	9.82	0.82
261.312	9.8	0.84
261.504	9.8	0.8
261.696	9.78	0.82
261.888	9.76	0.84
262.08	9.76	0.86
262.272	9.76	0.86
262.464	9.74	0.84
262.656	9.72	0.84
262.848	9.72	0.84
263.04	9.74	0.88
263.232	9.74	0.9
263.424	9.74	0.9
263.616	9.74	0.88
263.808	9.76	0.88
264.0	9.74	0.86
264.192	9.74	0.82
264.384	9.74	0.84
264.576	9.74	0.82
264.768	9.74	0.82
264.96	9.72	0.78
265.152	9.72	0.74
265.344	9.7	0.74
265.536	9.7	0.72
265.728	9.68	0.72
265.92	9.7	0.7
266.112	9.68	0.72
266.304	9.66	0.7
266.496	9.68	0.72
266.688	9.68	0.72
266.88	9.68	0.76
267.072	9.68	0.74
267.264	9.72	0.74
267.456	9.74	0.74
267.648	9.76	0.76
267.84	9.76	0.8
268.032	9.78	0.82
268.224	9.8	0.8
268.416	9.78	0.8
268.608	9.78	0.82
268.8	9.8	0.82
268.992	9.82	0.86
269.184	9.82	0.9
269.376	9.8	0.92
269.568	9.82	0.9
269.76	9.82	0.9
269.952	9.82	0.88
270.144	9.84	0.92
270.336	9.9	0.94
270.528	9.9	0.92
270.72	9.92	0.96
270.912	9.94	0.96
271.104	9.92	0.92
271.296	9.92	0.92
271.488	9.92	0.94
271.68	9.96	0.96
271.872	9.96	1.0
272.064	9.96	1.0
272.256	9.94	0.98
272.448	9.96	1.0
272.64	9.96	0.94
272.832	9.94	0.96
273.024	9.96	0.98
273.216	9.98	0.98
273.408	9.96	1.0
273.6	9.92	1.04
273.792	9.92	0.96
273.984	9.92	1.04
274.176	9.92	1.04
274.368	9.92	0.94
274.56	9.92	1.16
274.752	9.94	1.12
274.944	9.94	1.1
275.136	9.94	1.06
275.328	9.94	1.02
275.52	9.94	1.0
275.712	9.94	1.06
275.904	9.92	0.96
276.096	9.92	0.96
276.288	9.92	1.04
276.48	9.92	0.82
276.672	9.9	0.82
276.864	9.9	0.82
277.056	9.88	0.84
277.248	9.9	0.84
277.44	9.92	0.8
277.632	9.92	0.78
277.824	9.92	0.8
278.016	9.9	0.78
278.208	9.9	0.76
278.4	9.88	0.76
278.592	9.88	0.8
278.784	9.88	0.82
278.976	9.88	0.82
279.168	9.86	0.8
279.36	9.82	0.78
279.552	9.8	0.8
279.744	9.8	0.8
279.936	9.8	0.82
280.128	9.78	0.82
280.32	9.78	0.8
280.512	9.76	0.76
280.704	9.74	0.74
280.896	9.74	0.74
281.088	9.72	0.74
281.28	9.72	0.74
281.472	9.74	0.72
281.664	9.72	0.72
281.856	9.72	0.7
282.048	9.72	0.72
282.24	9.72	0.74
282.432	9.72	0.72
282.624	9.7	0.64000001
282.816	9.68	0.64000001
283.008	9.68	0.64000001
283.2	9.68	0.66000001
283.392	9.66	0.64000001
283.584	9.68	0.66000001
283.776	9.68	0.70000001
283.968	9.68	0.68000001
284.16	9.66	0.70000001
284.352	9.64	0.76000001
284.544	9.66	0.86
284.736	9.66	0.9
284.928	9.68	0.92
285.12	9.7	0.92
285.312	9.72	0.96
285.504	9.74	0.94
285.696	9.74	0.94
285.888	9.76	0.94
286.08	9.78	0.92
286.272	9.82	0.92
286.464	9.82	0.92
286.656	9.88	0.9
286.848	9.88	0.88
287.04	9.88	0.88
287.232	9.88	0.9
287.424	9.86	0.9
287.616	9.86	0.9
287.808	9.84	0.92
288.0	9.86	0.96
288.192	9.86	0.94
288.384	9.88	0.96
288.576	9.86	0.96
288.768	9.86	1.0
288.96	9.88	1.02
289.152	9.88	1.02
289.344	9.9	1.04
289.536	9.92	1.02
289.728	9.94	1.0
289.92	9.92	1.02
290.112	9.92	1.06
290.304	9.92	1.04
290.496	9.92	1.04
290.688	9.94	1.02
290.88	9.94	1.0
291.072	9.96	0.98
291.264	9.96	0.96
291.456	9.96	0.94
291.648	9.94	0.96
291.84	9.94	0.92
292.032	9.96	0.86
292.224	9.96	0.82
292.416	9.96	0.82
292.608	9.94	0.9
292.8	9.94	0.80000001
292.992	9.92	0.78000001
293.184	9.9	0.76000001
293.376	9.9	0.76000001
293.568	9.9	0.74000001
293.76	9.9	0.74000001
293.952	9.88	0.76000001
294.144	9.88	0.80000001
294.336	9.86	0.78000001
294.528	9.86	0.68000001
294.72	9.86	0.76
294.912	9.86	0.78
295.104	9.86	0.78
295.296	9.84	0.8
295.488	9.82	0.8
295.68	9.82	0.8
295.872	9.84	0.8
296.064	9.82	0.8
296.256	9.82	0.82
296.448	9.82	0.82
296.64	9.8	0.82
296.832	9.78	0.82
297.024	9.76	0.84
297.216	9.72	0.82
297.408	9.72	0.84
297.6	9.72	0.84
297.792	9.68	0.84
297.984	9.68	0.84
298.176	9.68	0.84
298.368	9.68	0.84
298.56	9.66	0.84
298.752	9.68	0.82
298.944	9.7	0.84
299.136	9.72	0.84
299.328	9.72	0.8
299.52	9.7	0.78
299.712	9.7	0.76
299.904	9.68	0.76
300.096	9.66	0.76
300.288	9.64	0.76
300.48	9.66	0.78
300.672	9.64	0.8
300.864	9.62	0.78
301.056	9.64	0.78
301.248	9.64	0.82
301.44	9.64	0.82
301.632	9.66	0.84
301.824	9.68	0.84
302.016	9.72	0.86
302.208	9.74	0.9
302.4	9.72	0.9
302.592	9.74	0.92
302.784	9.78	0.94
302.976	9.8	0.96
303.168	9.82	0.98
303.36	9.84	1.04
303.552	9.84	1.04
303.744	9.84	1.1
303.936	9.84	1.08
304.128	9.86	1.1
304.32	9.9	1.14
304.512	9.9	1.12
304.704	9.88	1.1
304.896	9.88	1.1
305.088	9.9	1.08
305.28	9.9	1.04
305.472	9.92	1.02
305.664	9.92	0.98
305.856	9.9	1.0
306.048	9.9	0.98
306.24	9.88	0.94
306.432	9.88	0.94
306.624	9.88	0.96
306.816	9.86	0.96
307.008	9.84	0.98
307.2	9.86	1.0
307.392	9.86	1.02
307.584	9.86	1.0
307.776	9.86	0.96
307.968	9.86	0.94
308.16	9.88	0.92
308.352	9.9	0.92
308.544	9.9	0.88
308.736	9.92	0.86
308.928	9.92	0.84
309.12	9.92	0.8
309.312	9.9	0.78
309.504	9.9	0.76
309.696	9.9	0.76
309.888	9.88	0.78
310.08	9.86	0.8
310.272	9.84	0.8
310.464	9.84	0.8
310.656	9.82	0.82
310.848	9.82	0.8
311.04	9.8	0.82
311.232	9.8	0.82
311.424	9.78	0.8
311.616	9.78	0.82
311.808	9.8	0.78
312.0	9.8	0.76
312.192	9.8	0.74
312.384	9.8	0.74
312.576	9.78	0.76
312.768	9.78	0.78
312.96	9.78	0.78
313.152	9.78	0.8
313.344	9.8	0.86
313.536	9.8	0.86
313.728	9.78	0.88
313.92	9.76	0.9
314.112	9.76	0.9
314.304	9.76	0.92
314.496	9.78	0.88
314.688	9.76	1.22
314.88	9.74	1.2
315.072	9.74	1.4
315.264	9.72	1.38
315.456	9.7	1.48
315.648	9.68	1.58
315.84	9.68	1.52
316.032	9.68	1.54
316.224	9.68	1.62
316.416	9.66	1.76
316.608	9.64	1.32000001
316.8	9.66	1.28000001
316.992	9.64	0.92000001
317.184	9.64	0.88000001
317.376	9.64	0.86000001
317.568	9.66	0.76000001
317.76	9.66	0.84000001
317.952	9.64	0.86000001
318.144	9.62	0.80000001
318.336	9.64	0.70000001
318.528	9.68	0.84
318.72	9.68	0.98
318.912	9.7	1.24
319.104	9.72	1.44
319.296	9.74	1.54
319.488	9.74	1.74
319.68	9.76	1.98
319.872	9.78	2.2
320.064	9.8	2.38
320.256	9.82	2.6
320.448	9.82	2.82
320.64	9.82	3.06
320.832	9.82	3.32
321.024	9.82	3.5
321.216	9.82	3.7
321.408	9.82	3.86
321.6	9.8	3.98
321.792	9.8	4.3
321.984	9.8	4.7
322.176	9.78	4.76
322.368	9.78	4.86
322.56	9.78	5.0
322.752	9.76	4.96
322.944	9.76	5.02
323.136	9.76	4.96
323.328	9.76	4.94
323.52	9.78	4.88
323.712	9.78	4.6
323.904	9.78	4.24
324.096	9.76	4.14
324.288	9.76	4.02
324.48	9.76	3.82
324.672	9.78	3.72
324.864	9.76	3.46
325.056	9.74	3.34
325.248	9.74	3.24
325.44	9.72	3.08
325.632	9.7	2.98
325.824	9.7	2.9
326.016	9.7	2.88
326.208	9.66	2.74
326.4	9.62	2.62
326.592	9.58	2.54
326.784	9.56	2.54
326.976	9.56	2.5
327.168	9.54	2.44
327.36	9.52	2.44
327.552	9.52	2.4
327.744	9.5	2.4
327.936	9.48	2.38
328.128	9.48	2.42
328.32	9.48	2.44
328.512	9.46	2.46
328.704	9.46	2.5
328.896	9.44	2.5
329.088	9.4	2.48
329.28	9.4	2.48
329.472	9.38	2.48
329.664	9.36	2.48
329.856	9.36	2.5
330.048	9.36	2.54
330.24	9.36	2.52
330.432	9.34	2.52
330.624	9.32	2.5
330.816	9.3	2.5
331.008	9.3	2.5
331.2	9.28	2.52
331.392	9.26	2.54
331.584	9.24	2.56
331.776	9.22	2.54
331.968	9.2	2.54
332.16	9.18	2.6
332.352	9.2	2.66
332.544	9.2	2.7
332.736	9.2	2.78
332.928	9.18	2.82
333.12	9.18	2.84
333.312	9.16	2.88
333.504	9.14	2.88
333.696	9.14	2.92
333.888	9.12	2.94
334.08	9.1	2.92
334.272	9.1	2.86
334.464	9.08	2.82
334.656	9.08	2.74
334.848	9.1	2.7
335.04	9.1	2.64
335.232	9.1	2.66
335.424	9.1	2.84
335.616	9.08	3.16
335.808	9.08	3.54
336.0	9.08	4.0
336.192	9.06	4.58
336.384	9.06	5.14
336.576	9.04	5.64
336.768	9.0	6.26
336.96	8.96	6.98
337.152	8.94	7.66
337.344	8.92	8.22
337.536	8.9	8.56
337.728	8.88	8.86
337.92	8.84	9.2
338.112	8.8	9.46
338.304	8.76	9.8
338.496	8.7	10.2
338.688	8.66	10.54
338.88	8.62	10.72
339.072	8.6	10.76
339.264	8.58	10.74
339.456	8.54	10.68
339.648	8.5	10.5
339.84	8.5	10.18
340.032	8.5	9.82
340.224	8.5	9.32
340.416	8.5	8.78
340.608	8.52	8.12
340.8	8.52	7.5
340.992	8.5	6.94
341.184	8.48	6.42
341.376	8.48	5.96
341.568	8.48	5.58
341.76	8.46	5.24
341.952	8.42	4.86
342.144	8.42	4.56
342.336	8.42	4.28
342.528	8.4	4.06
342.72	8.4	3.86
342.912	8.4	3.7
343.104	8.4	3.54
343.296	8.4	3.36
343.488	8.38	3.2
343.68	8.38	3.04
343.872	8.4	2.96
344.064	8.36	2.88
344.256	8.36	2.82
344.448	8.36	2.74
344.64	8.34	2.68
344.832	8.34	2.64
345.024	8.32	2.58
345.216	8.3	2.54
345.408	8.3	2.5
345.6	8.26	2.48
345.792	8.24	2.44
345.984	8.22	2.38
346.176	8.2	2.32
346.368	8.16	2.24
346.56	8.16	2.16
346.752	8.14	2.06
346.944	8.12	1.98
347.136	8.1	1.9
347.328	8.08	1.86
347.52	8.08	1.74
347.712	8.08	1.64
347.904	8.1	1.56
348.096	8.1	1.48
348.288	8.1	1.42
348.48	8.1	1.34
348.672	8.08	1.3
348.864	8.08	1.24
349.056	8.08	1.22
349.248	8.06	1.08
349.44	8.06	1.08
349.632	8.04	1.06
349.824	8.04	1.02
350.016	8.02	0.98
350.208	8.02	0.98
350.4	8.0	1.0
350.592	8.0	0.96
350.784	8.0	0.96
350.976	8.02	0.92
351.168	8.04	0.98
351.36	8.04	0.96
351.552	8.04	0.96
351.744	8.04	1.0
351.936	8.06	1.02
352.128	8.08	1.0
352.32	8.1	0.98
352.512	8.12	0.98
352.704	8.16	0.98
352.896	8.16	1.0
353.088	8.16	1.0
353.28	8.18	1.02
353.472	8.2	1.0
353.664	8.2	0.98
353.856	8.2	0.96
354.048	8.2	0.98
354.24	8.22	1.0
354.432	8.24	1.04
354.624	8.24	1.06
354.816	8.26	1.1
355.008	8.3	1.16
355.2	8.32	1.24
355.392	8.34	1.3
355.584	8.38	1.34
355.776	8.42	1.38
355.968	8.44	1.42
356.16	8.44	1.48
356.352	8.42	1.74
356.544	8.4	2.12
356.736	8.38	2.58
356.928	8.36	3.0
357.12	8.34	3.38
357.312	8.32	3.9
357.504	8.26	4.52
357.696	8.18	5.2
357.888	8.14	5.96
358.08	8.08	6.6
358.272	8.04	7.0
358.464	8.0	7.36
358.656	7.96	7.76
358.848	7.9	8.22
359.04	7.84	8.72
359.232	7.76	9.16
359.424	7.7	9.48
359.616	7.66	9.68
359.808	7.58	9.72
360.0	7.56	9.78
360.192	7.54	9.74
360.384	7.5	9.54
360.576	7.44	9.18
360.768	7.42	8.72
360.96	7.38	8.16
361.152	7.38	7.54
361.344	7.38	6.88
361.536	7.36	6.28
361.728	7.38	5.72
361.92	7.36	5.14
362.112	7.32	4.68
362.304	7.32	4.3
362.496	7.34	3.9
362.688	7.34	3.56
362.88	7.34	3.28
363.072	7.36	2.98
363.264	7.34	2.74
363.456	7.36	2.52
363.648	7.36	2.28
363.84	7.38	2.14
364.032	7.38	2.0
364.224	7.36	1.84
364.416	7.36	1.74
364.608	7.34	1.64
364.8	7.34	1.52
364.992	7.3	1.44
365.184	7.28	1.36
365.376	7.26	1.28
365.568	7.24	1.24
365.76	7.2	1.16
365.952	7.2	1.04
366.144	7.2	1.06
366.336	7.18	1.04
366.528	7.18	1.0
366.72	7.2	0.94
366.912	7.2	0.96
367.104	7.22	0.84000001
367.296	7.22	0.50000001
367.488	7.24	0.42000001
367.68	7.24	0.46000001
367.872	7.24	0.52000001
368.064	7.24	0.44000001
368.256	7.24	0.42000001
368.448	7.26	0.44000001
368.64	7.26	0.52000001
368.832	7.28	0.46000001
369.024	7.3	0.58
369.216	7.32	0.92
369.408	7.32	1.0
369.6	7.34	1.0
369.792	7.36	1.0
369.984	7.4	1.02
370.176	7.42	1.02
370.368	7.44	1.02
370.56	7.46	0.98
370.752	7.48	1.02
370.944	7.48	1.02
371.136	7.5	1.02
371.328	7.52	1.02
371.52	7.56	1.02
371.712	7.58	1.02
371.904	7.58	1.02
372.096	7.6	1.02
372.288	7.6	1.02
372.48	7.6	1.04
372.672	7.6	1.04
372.864	7.62	1.06
373.056	7.62	1.06
373.248	7.64	1.06
373.44	7.64	1.1
373.632	7.64	1.1
373.824	7.64	1.1
374.016	7.64	1.1
374.208	7.64	1.1
374.4	7.64	1.08
374.592	7.64	1.06
374.784	7.64	1.0
374.976	7.64	0.96
375.168	7.62	1.0
375.36	7.6	0.96
375.552	7.6	1.0
375.744	7.6	1.08
375.936	7.6	1.14
376.128	7.6	1.18
376.32	7.6	1.24
376.512	7.58	1.28
376.704	7.56	1.46
376.896	7.54	1.8
377.088	7.5	2.18
377.28	7.46	2.7
377.472	7.42	3.18
377.664	7.38	3.6
377.856	7.34	4.12
378.048	7.26	4.76
378.24	7.2	5.48
378.432	7.14	6.26
378.624	7.06	6.98
378.816	7.0	7.6
379.008	6.96	7.98
379.2	6.92	8.24
379.392	6.86	8.62
379.584	6.78	9.14
379.776	6.68	9.58
379.968	6.62	9.82
380.16	6.54	9.94
380.352	6.48	9.92
380.544	6.44	9.72
380.736	6.4	9.4
380.928	6.36	9.14
381.12	6.3	8.84
381.312	6.26	8.4
381.504	6.26	7.76
381.696	6.26	7.12
381.888	6.26	6.5
382.08	6.26	5.86
382.272	6.24	5.3
382.464	6.26	4.82
382.656	6.22	4.38
382.848	6.2	4.0
383.04	6.2	3.66
383.232	6.2	3.36
383.424	6.18	3.12
383.616	6.18	2.84
383.808	6.18	2.6
384.0	6.18	2.44
384.192	6.2	2.28
384.384	6.18	2.12
384.576	6.2	2.02
384.768	6.2	1.9
384.96	6.22	1.82
385.152	6.24	1.72
385.344	6.26	1.64
385.536	6.28	1.58
385.728	6.3	1.56
385.92	6.34	1.5
386.112	6.34	1.48
386.304	6.36	1.48
386.496	6.38	1.46
386.688	6.4	1.44
386.88	6.42	1.38
387.072	6.42	1.34
387.264	6.44	1.34
387.456	6.46	1.32
387.648	6.48	1.28
387.84	6.48	1.3
388.032	6.52	1.28
388.224	6.56	1.26
388.416	6.58	1.22
388.608	6.6	1.2
388.8	6.6	1.22
388.992	6.64	1.22
389.184	6.66	1.18
389.376	6.66	1.18
389.568	6.66	1.18
389.76	6.66	1.14
389.952	6.66	1.12
390.144	6.64	1.14
390.336	6.64	1.12
390.528	6.64	1.1
390.72	6.64	1.06
390.912	6.64	1.04
391.104	6.62	1.02
391.296	6.64	1.0
391.488	6.64	1.0
391.68	6.66	0.98
391.872	6.66	0.96
392.064	6.66	0.9
392.256	6.66	0.9
392.448	6.68	0.92
392.64	6.68	0.92
392.832	6.64	0.92
393.024	6.62	0.92
393.216	6.6	0.92
393.408	6.6	0.9
393.6	6.58	0.9
393.792	6.58	0.9
393.984	6.58	0.92
394.176	6.56	0.92
394.368	6.52	0.88
394.56	6.52	0.88
394.752	6.52	0.88
394.944	6.54	0.88
395.136	6.54	0.88
395.328	6.52	0.86
395.52	6.52	0.86
395.712	6.52	0.84
395.904	6.52	0.84
396.096	6.54	0.82
396.288	6.56	0.84
396.48	6.54	0.84
396.672	6.54	0.82
396.864	6.54	0.8
397.056	6.54	0.78
397.248	6.54	0.78
397.44	6.52	0.76
397.632	6.5	0.78
397.824	6.48	0.78
398.016	6.46	0.8
398.208	6.44	0.8
398.4	6.44	0.78
398.592	6.44	0.78
398.784	6.42	0.8
398.976	6.4	0.82
399.168	6.4	0.82
399.36	6.4	0.82
399.552	6.38	0.82
399.744	6.38	0.82
399.936	6.4	0.82
400.128	6.4	0.82
400.32	6.42	0.84
400.512	6.4	0.9
400.704	6.4	0.96
400.896	6.4	1.02
401.088	6.4	1.1
401.28	6.4	1.18
401.472	6.42	1.24
401.664	6.42	1.3
401.856	6.4	1.38
402.048	6.38	1.58
402.24	6.34	1.96
402.432	6.34	2.38
402.624	6.32	2.88
402.816	6.28	3.5
403.008	6.24	4.08
403.2	6.22	4.62
403.392	6.16	5.26
403.584	6.12	6.02
403.776	6.08	6.8
403.968	6.06	7.52
404.16	6.0	8.12
404.352	5.96	8.62
404.544	5.92	8.92
404.736	5.9	9.14
404.928	5.86	9.46
405.12	5.78	9.9
405.312	5.74	10.26
405.504	5.68	10.42
405.696	5.62	10.46
405.888	5.56	10.36
406.08	5.54	10.14
406.272	5.52	9.8
406.464	5.46	9.5
406.656	5.44	9.12
406.848	5.42	8.68
407.04	5.44	8.06
407.232	5.44	7.38
407.424	5.44	6.72
407.616	5.44	6.1
407.808	5.44	5.54
408.0	5.44	4.98
408.192	5.42	4.54
408.384	5.46	4.16
408.576	5.44	3.8
408.768	5.44	3.44
408.96	5.44	3.12
409.152	5.44	2.86
409.344	5.44	2.64
409.536	5.44	2.44
409.728	5.44	2.28
409.92	5.44	2.16
410.112	5.44	2.06
410.304	5.42	1.94
410.496	5.42	1.84
410.688	5.42	1.72
410.88	5.42	1.66
411.072	5.42	1.58
411.264	5.42	1.5
411.456	5.42	1.44
411.648	5.42	1.36
411.84	5.42	1.26
412.032	5.42	1.2
412.224	5.42	1.16
412.416	5.42	1.1
412.608	5.4	1.06
412.8	5.36	1.02
412.992	5.36	1.0
413.184	5.34	0.96
413.376	5.32	0.94
413.568	5.3	0.92
413.76	5.28	0.94
413.952	5.26	0.92
414.144	5.24	0.92
414.336	5.2	0.92
414.528	5.2	0.9
414.72	5.2	0.9
414.912	5.2	0.88
415.104	5.2	0.88
415.296	5.2	0.86
415.488	5.2	0.86
415.68	5.2	0.84
415.872	5.2	0.78
416.064	5.2	0.76
416.256	5.24	0.74
416.448	5.24	0.76
416.64	5.24	0.78
416.832	5.22	0.78
417.024	5.24	0.78
417.216	5.24	0.8
417.408	5.22	0.8
417.6	5.22	0.82
417.792	5.24	0.88
417.984	5.26	0.86
418.176	5.26	0.88
418.368	5.26	0.9
418.56	5.26	0.9
418.752	5.28	0.92
418.944	5.28	0.94
419.136	5.3	0.94
419.328	5.34	0.92
419.52	5.36	0.92
419.712	5.36	0.94
419.904	5.36	0.98
420.096	5.36	1.0
420.288	5.4	1.02
420.48	5.44	1.0
420.672	5.44	1.0
420.864	5.44	1.0
421.056	5.44	1.0
421.248	5.44	1.06
421.44	5.44	1.06
421.632	5.44	1.08
421.824	5.44	1.12
422.016	5.44	1.2
422.208	5.44	1.24
422.4	5.42	1.3
422.592	5.42	1.34
422.784	5.42	1.4
422.976	5.42	1.46
423.168	5.44	1.56
423.36	5.44	1.86
423.552	5.44	2.32
423.744	5.4	2.76
423.936	5.4	3.22
424.128	5.34	3.82
424.32	5.3	4.4
424.512	5.26	4.92
424.704	5.2	5.6
424.896	5.14	6.38
425.088	5.04	7.08
425.28	4.96	7.6
425.472	4.88	7.86
425.664	4.84	8.2
425.856	4.76	8.58
426.048	4.7	8.8
426.24	4.64	8.98
426.432	4.58	9.12
426.624	4.54	9.02
426.816	4.52	8.74
427.008	4.5	8.42
427.2	4.46	8.04
427.392	4.44	7.68
427.584	4.42	7.18
427.776	4.38	6.56
427.968	4.38	5.96
428.16	4.36	5.38
428.352	4.36	4.9
428.544	4.34	4.44
428.736	4.32	4.08
428.928	4.3	3.7
429.12	4.32	3.38
429.312	4.32	3.1
429.504	4.28	2.88
429.696	4.28	2.64
429.888	4.26	2.44
430.08	4.26	2.28
430.272	4.26	2.1
430.464	4.26	1.96
430.656	4.26	1.82
430.848	4.26	1.7
431.04	4.24	1.6
431.232	4.22	1.5
431.424	4.24	1.4
431.616	4.24	1.34
431.808	4.24	1.26
432.0	4.24	1.2
432.192	4.2	1.16
432.384	4.2	1.1
432.576	4.18	1.06
432.768	4.16	1.06
432.96	4.16	1.02
433.152	4.16	1.0
433.344	4.18	0.98
433.536	4.18	0.98
433.728	4.18	0.96
433.92	4.18	0.94
434.112	4.22	0.92
434.304	4.24	0.96
434.496	4.24	0.96
434.688	4.26	0.96
434.88	4.28	0.96
435.072	4.28	0.94
435.264	4.28	0.96
435.456	4.28	0.94
435.648	4.3	0.94
435.84	4.34	0.92
436.032	4.34	0.92
436.224	4.34	0.9
436.416	4.36	0.9
436.608	4.38	0.9
436.8	4.38	0.92
436.992	4.4	0.96
437.184	4.4	0.96
437.376	4.42	0.98
437.568	4.44	1.0
437.76	4.44	1.02
437.952	4.46	1.02
438.144	4.48	1.02
438.336	4.48	1.04
438.528	4.48	1.02
438.72	4.5	1.02
438.912	4.5	1.0
439.104	4.54	0.98
439.296	4.56	0.98
439.488	4.56	0.98
439.68	4.56	1.0
439.872	4.56	1.02
440.064	4.56	1.04
440.256	4.58	1.04
440.448	4.6	1.04
440.64	4.6	1.04
440.832	4.62	1.04
441.024	4.6	1.02
441.216	4.6	1.0
441.408	4.6	0.96
441.6	4.6	0.94
441.792	4.58	0.9
441.984	4.58	0.88
442.176	4.58	0.82
442.368	4.56	0.82
442.56	4.56	0.8
442.752	4.56	0.8
442.944	4.52	0.82
443.136	4.5	0.82
443.328	4.5	0.86
443.52	4.48	0.84
443.712	4.48	0.88
443.904	4.46	0.86
444.096	4.44	0.88
444.288	4.44	0.86
444.48	4.42	0.88
444.672	4.4	0.88
444.864	4.4	0.88
445.056	4.4	0.88
445.248	4.38	0.86
445.44	4.38	0.86
445.632	4.38	0.82
445.824	4.38	0.84
446.016	4.38	0.84
446.208	4.36	0.84
446.4	4.36	0.82
446.592	4.34	0.82
446.784	4.36	0.82
446.976	4.38	0.8
447.168	4.36	0.8
447.36	4.36	0.84
447.552	4.34	0.86
447.744	4.32	0.86
447.936	4.3	0.84
448.128	4.3	0.86
448.32	4.28	0.88
448.512	4.3	0.84
448.704	4.28	0.82
448.896	4.24	0.82
449.088	4.24	0.8
449.28	4.22	0.74
449.472	4.22	0.72
449.664	4.22	0.72
449.856	4.22	0.74
450.048	4.24	0.72
450.24	4.24	0.72
450.432	4.24	0.76
450.624	4.24	0.78
450.816	4.26	0.78
451.008	4.28	0.8
451.2	4.28	0.84
451.392	4.28	0.86
451.584	4.3	0.86
451.776	4.32	0.86
451.968	4.32	0.88
452.16	4.32	0.88
452.352	4.32	0.88
452.544	4.36	0.86
452.736	4.38	0.9
452.928	4.38	0.92
453.12	4.42	0.94
453.312	4.42	0.96
453.504	4.44	0.98
453.696	4.44	0.98
453.888	4.46	0.98
454.08	4.48	0.98
454.272	4.5	0.98
454.464	4.5	1.0
454.656	4.5	1.0
454.848	4.52	1.0
455.04	4.52	0.98
455.232	4.54	0.96
455.424	4.54	0.94
455.616	4.58	0.94
455.808	4.58	0.92
456.0	4.6	0.9
456.192	4.62	0.9
456.384	4.6	0.9
456.576	4.6	0.9
456.768	4.62	0.94
456.96	4.64	0.96
457.152	4.66	0.94
457.344	4.66	0.94
457.536	4.64	0.94
457.728	4.66	0.96
457.92	4.68	0.98
458.112	4.68	0.98
458.304	4.7	0.98
458.496	4.7	0.96
458.688	4.66	0.9
458.88	4.66	0.86
459.072	4.66	0.88
459.264	4.66	0.88
459.456	4.66	0.86
459.648	4.64	0.86
459.84	4.6	0.84
460.032	4.56	0.84
460.224	4.54	0.82
460.416	4.54	0.82
460.608	4.56	0.8
460.8	4.54	0.8
460.992	4.54	0.8
461.184	4.54	0.78
461.376	4.52	0.8
461.568	4.5	0.78
461.76	4.5	0.78
461.952	4.52	0.76
462.144	4.54	0.78
462.336	4.54	0.78
462.528	4.54	0.82
462.72	4.54	0.82
462.912	4.52	0.82
463.104	4.5	0.82
463.296	4.5	0.82
463.488	4.5	0.84
463.68	4.48	0.84
463.872	4.46	0.84
464.064	4.44	0.82
464.256	4.42	0.8
464.448	4.4	0.74
464.64	4.38	0.74
464.832	4.38	0.7
465.024	4.38	0.7
465.216	4.38	0.68
465.408	4.36	0.64
465.6	4.38	0.62
465.792	4.38	0.6
465.984	4.38	0.58
466.176	4.38	0.58
466.368	4.4	0.6
466.56	4.38	0.6
466.752	4.36	0.64
466.944	4.36	0.66
467.136	4.36	0.7
467.328	4.38	0.74
467.52	4.38	0.78
467.712	4.36	0.82
467.904	4.36	0.84
468.096	4.36	0.84
468.288	4.34	0.84
468.48	4.36	0.84
468.672	4.38	0.84
468.864	4.4	0.86
469.056	4.42	0.86
469.248	4.42	0.88
469.44	4.42	0.88
469.632	4.46	0.88
469.824	4.48	0.92
470.016	4.5	0.94
470.208	4.52	0.96
470.4	4.54	0.98
470.592	4.56	0.98
470.784	4.56	0.98
470.976	4.56	0.96
471.168	4.58	0.94
471.36	4.62	0.94
471.552	4.64	0.94
471.744	4.66	0.92
471.936	4.68	0.92
472.128	4.68	0.92
472.32	4.7	0.94
472.512	4.7	0.94
472.704	4.72	0.9
472.896	4.74	0.9
473.088	4.74	0.86
473.28	4.74	0.86
473.472	4.72	0.9
473.664	4.7	0.9
473.856	4.68	0.92
474.048	4.7	0.9
474.24	4.68	0.86
474.432	4.7	0.86
474.624	4.68	0.86
474.816	4.68	0.84
475.008	4.68	0.88
475.2	4.68	0.88
475.392	4.68	0.82
475.584	4.68	0.8
475.776	4.68	0.78
475.968	4.66	0.8
476.16	4.66	0.82
476.352	4.64	0.8
476.544	4.64	0.82
476.736	4.62	0.84
476.928	4.62	0.84
477.12	4.6	0.82
477.312	4.6	0.82
477.504	4.62	0.84
477.696	4.62	0.84
477.888	4.6	0.82
478.08	4.6	0.82
478.272	4.58	0.82
478.464	4.56	0.82
478.656	4.54	0.82
478.848	4.54	0.8
479.04	4.52	0.8
479.232	4.5	0.78
479.424	4.46	0.78
479.616	4.46	0.76
479.808	4.48	0.76
480.0	4.48	0.74
480.192	4.48	0.76
480.384	4.48	0.74
480.576	4.48	0.7
480.768	4.46	0.74
480.96	4.48	0.72
481.152	4.5	0.74
481.344	4.52	0.7
481.536	4.5	0.68
481.728	4.48	0.7
481.92	4.44	0.72
482.112	4.46	0.72
482.304	4.46	0.74
482.496	4.46	0.72
482.688	4.46	0.68
482.88	4.44	0.72
483.072	4.42	0.76
483.264	4.4	0.84
483.456	4.4	0.88
483.648	4.4	0.86
483.84	4.42	0.86
484.032	4.38	0.84
484.224	4.38	0.84
484.416	4.38	0.9
484.608	4.38	0.92
484.8	4.4	0.92
484.992	4.4	0.9
485.184	4.42	0.86
485.376	4.42	0.86
485.568	4.44	0.88
485.76	4.46	0.88
485.952	4.5	0.88
486.144	4.52	0.88
486.336	4.54	0.88
486.528	4.56	0.9
486.72	4.58	0.9
486.912	4.6	0.9
487.104	4.62	0.9
487.296	4.64	0.92
487.488	4.66	0.92
487.68	4.68	0.94
487.872	4.72	0.98
488.064	4.72	0.98
488.256	4.74	1.0
488.448	4.76	1.0
488.64	4.76	1.02
488.832	4.76	1.04
489.024	4.74	1.1
489.216	4.74	1.1
489.408	4.74	1.1
489.6	4.74	1.08
489.792	4.72	1.08
489.984	4.74	1.1
490.176	4.74	1.12
490.368	4.74	1.1
490.56	4.74	1.06
490.752	4.76	1.04
490.944	4.78	0.94
491.136	4.82	0.88
491.328	4.82	0.84
491.52	4.8	0.82
491.712	4.8	0.82
491.904	4.78	0.78
492.096	4.78	0.74
492.288	4.76	0.78
492.48	4.74	0.78
492.672	4.74	0.78
492.864	4.72	0.78
493.056	4.7	0.8
493.248	4.68	0.84
493.44	4.7	0.84
493.632	4.68	0.8
493.824	4.68	0.8
494.016	4.66	0.8
494.208	4.66	0.74
494.4	4.68	0.78
494.592	4.66	0.78
494.784	4.66	0.82
494.976	4.64	0.82
495.168	4.66	0.8
495.36	4.66	0.8
495.552	4.68	0.8
495.744	4.68	0.8
495.936	4.68	0.76
496.128	4.68	0.74
496.32	4.66	0.7
496.512	4.66	0.68
496.704	4.64	0.66
496.896	4.62	0.66
497.088	4.58	0.66
497.28	4.54	0.66
497.472	4.5	0.64
497.664	4.48	0.64
497.856	4.48	0.66
498.048	4.46	0.7
498.24	4.46	0.72
498.432	4.46	0.72
498.624	4.48	0.7
498.816	4.48	0.68
499.008	4.5	0.86
499.2	4.52	0.9
499.392	4.54	1.04
499.584	4.54	1.14
499.776	4.54	1.5
499.968	4.52	1.40000001
500.16	4.52	1.40000001
500.352	4.52	1.42000001
500.544	4.5	1.44000001
500.736	4.5	1.48000001
500.928	4.5	1.32000001
501.12	4.5	1.30000001
501.312	4.48	1.22000001
501.504	4.5	1.14000001
501.696	4.52	0.80000001
501.888	4.56	0.92
502.08	4.56	0.94
502.272	4.56	0.96
502.464	4.58	0.98
502.656	4.6	1.0
502.848	4.62	1.0
503.04	4.64	1.0
503.232	4.66	1.0
503.424	4.68	1.02
503.616	4.68	1.04
503.808	4.68	1.04
504.0	4.68	1.04
504.192	4.7	1.04
504.384	4.7	1.06
504.576	4.72	1.06
504.768	4.72	1.08
504.96	4.7	1.1
505.152	4.72	1.08
505.344	4.74	1.06
505.536	4.74	1.06
505.728	4.76	1.06
505.92	4.78	1.04
506.112	4.78	1.04
506.304	4.82	1.04
506.496	4.82	1.0
506.688	4.84	1.0
506.88	4.86	1.0
507.072	4.86	0.98
507.264	4.84	0.98
507.456	4.84	0.94
507.648	4.84	0.92
507.84	4.84	0.92
508.032	4.84	0.9
508.224	4.82	0.86
508.416	4.84	0.86
508.608	4.82	0.84
508.8	4.82	0.8
508.992	4.82	0.82
509.184	4.8	0.84
509.376	4.8	0.86
509.568	4.8	0.86
509.76	4.8	0.86
509.952	4.8	0.86
510.144	4.8	0.88
510.336	4.76	0.9
510.528	4.76	0.88
510.72	4.74	0.88
510.912	4.74	0.88
511.104	4.76	0.84
511.296	4.74	0.82
511.488	4.74	0.8
511.68	4.72	0.8
511.872	4.72	0.78
512.064	4.7	0.78
512.256	4.72	0.78
512.448	4.72	0.78
512.64	4.72	0.8
512.832	4.7	0.8
513.024	4.68	0.84
513.216	4.68	0.84
513.408	4.66	0.84
513.6	4.68	0.82
513.792	4.66	0.84
513.984	4.66	0.84
514.176	4.62	0.82
514.368	4.6	0.84
514.56	4.6	0.84
514.752	4.62	0.86
514.944	4.62	0.84
515.136	4.62	0.86
515.328	4.6	0.86
515.52	4.56	0.86
515.712	4.56	0.82
515.904	4.54	0.8
516.096	4.56	0.82
516.288	4.58	0.82
516.48	4.58	0.78
516.672	4.56	0.76
516.864	4.56	0.76
517.056	4.56	0.74
517.248	4.58	0.74
517.44	4.6	0.74
517.632	4.6	0.8
517.824	4.62	0.82
518.016	4.62	0.82
518.208	4.62	0.82
518.4	4.62	0.86
518.592	4.62	0.86
518.784	4.62	0.86
518.976	4.64	0.88
519.168	4.66	0.9
519.36	4.68	0.94
519.552	4.68	0.92
519.744	4.7	0.94
519.936	4.72	0.94
520.128	4.72	0.96
520.32	4.74	0.98
520.512	4.76	1.0
520.704	4.78	1.02
520.896	4.78	1.04
521.088	4.78	1.06
521.28	4.8	1.04
521.472	4.82	1.04
521.664	4.84	1.02
521.856	4.84	1.02
522.048	4.86	1.02
522.24	4.86	1.02
522.432	4.88	1.0
522.624	4.9	0.98
522.816	4.92	0.98
523.008	4.92	0.94
523.2	4.92	0.94
523.392	4.94	0.94
523.584	4.96	0.94
523.776	4.98	0.92
523.968	4.98	0.88
524.16	4.98	0.84
524.352	4.98	0.82
524.544	4.98	0.82
524.736	4.98	0.78
524.928	4.98	0.8
525.12	4.98	0.78
525.312	4.98	0.78
525.504	4.96	0.76
525.696	4.94	0.78
525.888	4.92	0.8
526.08	4.94	0.82
526.272	4.92	0.84
526.464	4.92	0.84
526.656	4.9	0.86
526.848	4.9	0.86
527.04	4.9	0.86
527.232	4.88	0.84
527.424	4.86	0.84
527.616	4.86	0.84
527.808	4.86	0.84
528.0	4.84	0.82
528.192	4.86	0.8
528.384	4.82	0.78
528.576	4.82	0.8
528.768	4.82	0.8
528.96	4.8	0.8
529.152	4.8	0.82
529.344	4.8	0.82
529.536	4.78	0.8
529.728	4.78	0.8
529.92	4.78	0.82
530.112	4.76	0.82
530.304	4.76	0.84
530.496	4.76	0.8
530.688	4.76	0.78
530.88	4.76	0.8
531.072	4.76	0.8
531.264	4.76	0.8
531.456	4.76	0.8
531.648	4.76	0.8
531.84	4.74	0.78
532.032	4.74	0.76
532.224	4.74	0.74
532.416	4.72	0.76
532.608	4.72	0.74
532.8	4.7	0.72
532.992	4.7	0.7
533.184	4.68	0.7
533.376	4.68	0.7
533.568	4.68	0.68
533.76	4.7	0.68
533.952	4.68	0.7
534.144	4.68	0.72
534.336	4.7	0.7
534.528	4.7	0.76
534.72	4.72	0.8
534.912	4.72	0.8
535.104	4.74	0.82
535.296	4.74	0.86
535.488	4.74	0.88
535.68	4.74	0.92
535.872	4.74	0.94
536.064	4.76	0.94
536.256	4.76	0.96
536.448	4.76	0.94
536.64	4.76	0.92
536.832	4.76	0.94
537.024	4.78	0.94
537.216	4.82	0.94
537.408	4.82	0.94
537.6	4.84	0.92
537.792	4.88	0.92
537.984	4.9	0.94
538.176	4.92	0.96
538.368	4.94	0.98
538.56	4.96	1.0
538.752	4.98	1.0
538.944	5.0	1.02
539.136	5.0	1.0
539.328	5.02	1.0
539.52	5.02	1.02
539.712	5.02	1.02
539.904	5.02	1.0
540.096	5.02	1.04
540.288	5.02	1.0
540.48	5.02	0.98
540.672	5.02	0.98
540.864	5.02	0.96
541.056	5.02	0.94
541.248	5.02	0.92
541.44	5.02	0.9
541.632	5.02	0.88
541.824	5.02	0.88
542.016	5.02	0.8
542.208	5.02	0.82
542.4	5.02	0.8
542.592	5.02	0.8
542.784	4.98	0.8
542.976	4.98	0.82
543.168	4.98	0.84
543.36	4.98	0.84
543.552	4.96	0.86
543.744	4.96	0.84
543.936	4.94	0.86
544.128	4.94	0.86
544.32	4.96	0.86
544.512	4.94	0.84
544.704	4.96	0.84
544.896	4.94	0.86
545.088	4.92	0.86
545.28	4.9	0.84
545.472	4.9	0.82
545.664	4.9	0.82
545.856	4.9	0.8
546.048	4.88	0.78
546.24	4.82	0.8
546.432	4.82	0.8
546.624	4.8	0.82
546.816	4.8	0.8
547.008	4.8	0.8
547.2	4.8	0.8
547.392	4.8	0.8
547.584	4.78	0.8
547.776	4.78	0.8
547.968	4.78	0.82
548.16	4.8	0.82
548.352	4.8	0.82
548.544	4.8	0.8
548.736	4.8	0.78
548.928	4.78	0.78
549.12	4.78	0.76
549.312	4.76	0.72
549.504	4.74	0.74
549.696	4.74	0.76
549.888	4.74	0.74
550.08	4.76	0.72
550.272	4.76	0.74
550.464	4.76	0.74
550.656	4.76	0.74
550.848	4.78	0.74
551.04	4.78	0.78
551.232	4.8	0.82
551.424	4.84	0.8
551.616	4.84	0.8
551.808	4.84	0.82
552.0	4.82	0.88
552.192	4.82	0.88
552.384	4.84	0.86
552.576	4.86	0.88
552.768	4.88	0.9
552.96	4.9	0.9
553.152	4.92	0.92
553.344	4.92	0.96
553.536	4.96	0.96
553.728	4.98	0.96
553.92	5.0	0.94
554.112	5.0	0.98
554.304	5.0	1.0
554.496	5.0	1.04
554.688	5.02	1.02
554.88	5.04	1.02
555.072	5.04	1.02
555.264	5.06	1.0
555.456	5.06	1.02
555.648	5.06	1.02
555.84	5.08	1.0
556.032	5.12	0.98
556.224	5.12	1.0
556.416	5.14	0.96
556.608	5.14	0.96
556.8	5.14	1.02
556.992	5.16	1.02
557.184	5.16	1.0
557.376	5.14	0.96
557.568	5.16	0.94
557.76	5.14	0.92
557.952	5.12	0.9
558.144	5.14	0.8
558.336	5.12	0.78
558.528	5.12	0.76
558.72	5.1	0.68
558.912	5.1	0.66
559.104	5.1	0.66
559.296	5.12	0.68
559.488	5.1	0.7
559.68	5.12	0.72
559.872	5.1	0.7
560.064	5.1	0.76
560.256	5.08	0.76
560.448	5.08	0.76
560.64	5.08	0.76
560.832	5.08	0.78
561.024	5.04	0.8
561.216	5.02	0.78
561.408	5.0	0.78
561.6	4.98	0.78
561.792	5.0	0.8
561.984	4.98	0.8
562.176	5.0	0.84
562.368	4.98	0.84
562.56	4.98	0.86
562.752	4.96	0.86
562.944	4.98	0.84
563.136	4.96	0.86
563.328	4.96	0.84
563.52	4.96	0.84
563.712	4.94	0.84
563.904	4.94	0.86
564.096	4.94	0.82
564.288	4.92	0.82
564.48	4.9	0.82
564.672	4.88	0.8
564.864	4.86	0.82
565.056	4.88	0.8
565.248	4.88	0.82
565.44	4.86	0.82
565.632	4.88	0.78
565.824	4.88	0.74
566.016	4.86	0.66000001
566.208	4.86	0.64000001
566.4	4.86	0.66000001
566.592	4.86	0.68000001
566.784	4.86	0.68000001
566.976	4.84	0.68000001
567.168	4.84	0.68000001
567.36	4.84	0.68000001
567.552	4.82	0.72000001
567.744	4.8	0.76000001
567.936	4.8	0.84
568.128	4.82	0.9
568.32	4.84	0.88
568.512	4.86	0.88
568.704	4.86	0.88
568.896	4.88	0.9
569.088	4.9	0.9
569.28	4.92	0.9
569.472	4.94	0.9
569.664	4.96	0.88
569.856	4.98	0.92
570.048	4.98	0.92
570.24	4.98	0.94
570.432	5.0	0.96
570.624	5.02	0.96
570.816	5.04	0.98
571.008	5.06	1.0
571.2	5.08	1.04
571.392	5.12	1.06
571.584	5.14	1.08
571.776	5.18	1.06
571.968	5.2	1.04
572.16	5.22	1.02
572.352	5.24	1.02
572.544	5.26	1.04
572.736	5.26	1.02
572.928	5.26	1.0
573.12	5.26	0.96
573.312	5.26	0.94
573.504	5.28	0.98
573.696	5.28	0.96
573.888	5.3	0.98
574.08	5.3	0.98
574.272	5.28	0.94
574.464	5.28	0.9
574.656	5.26	0.9
574.848	5.26	0.9
575.04	5.28	0.9
575.232	5.26	0.9
575.424	5.24	0.84
575.616	5.22	0.86
575.808	5.22	0.84
576.0	5.22	0.84
576.192	5.22	0.86
576.384	5.22	0.9
576.576	5.22	0.88
576.768	5.2	0.86
576.96	5.18	0.86
577.152	5.16	0.84
577.344	5.14	0.84
577.536	5.12	0.84
577.728	5.08	0.82
577.92	5.06	0.8
578.112	5.06	0.8
578.304	5.04	0.76
578.496	5.06	0.8
578.688	5.06	0.8
578.88	5.06	0.8
579.072	5.06	0.82
579.264	5.06	0.82
579.456	5.08	0.78
579.648	5.08	0.8
579.84	5.08	0.78
580.032	5.08	0.76
580.224	5.06	0.76
580.416	5.04	0.74
580.608	5.04	0.74
580.8	5.02	0.74
580.992	5.04	0.74
581.184	5.02	0.74
581.376	5.0	0.78
581.568	5.02	0.78
581.76	5.02	0.82
581.952	5.0	0.84
582.144	5.02	0.82
582.336	5.0	0.8
582.528	5.0	0.78
582.72	5.0	0.76
582.912	5.0	0.74
583.104	5.0	0.76
583.296	5.0	0.76
583.488	5.0	0.74
583.68	5.0	0.74
583.872	5.0	0.72
584.064	5.0	0.76
584.256	5.02	0.78
584.448	5.04	0.82
584.64	5.02	0.84
584.832	5.02	0.88
585.024	5.04	0.88
585.216	5.06	0.9
585.408	5.04	0.94
585.6	5.06	0.94
585.792	5.06	0.98
585.984	5.08	0.98
586.176	5.1	0.98
586.368	5.1	1.0
586.56	5.16	1.02
586.752	5.16	1.02
586.944	5.2	1.04
587.136	5.2	1.0
587.328	5.22	0.98
587.52	5.22	0.98
587.712	5.24	0.98
587.904	5.24	1.0
588.096	5.24	1.0
588.288	5.24	1.0
588.48	5.24	0.98
588.672	5.26	0.96
588.864	5.26	0.94
589.056	5.28	0.96
589.248	5.3	0.96
589.44	5.3	0.96
589.632	5.3	0.96
589.824	5.32	0.94
590.016	5.34	0.94
590.208	5.36	0.96
590.4	5.36	0.98
590.592	5.34	1.0
590.784	5.32	1.0
590.976	5.34	1.0
591.168	5.34	1.0
591.36	5.36	0.98
591.552	5.38	0.96
591.744	5.38	0.94
591.936	5.36	0.94
592.128	5.34	0.92
592.32	5.34	0.88
592.512	5.36	0.84
592.704	5.38	0.86
592.896	5.36	0.84
593.088	5.36	0.82
593.28	5.34	0.84
593.472	5.32	0.84
593.664	5.3	0.86
593.856	5.32	0.86
594.048	5.32	0.84
594.24	5.3	0.84
594.432	5.28	0.84
594.624	5.26	0.8
594.816	5.26	0.8
595.008	5.24	0.82
595.2	5.24	0.8
595.392	5.24	0.78
595.584	5.24	0.76
595.776	5.2	0.74
595.968	5.18	0.72
596.16	5.18	0.72
596.352	5.16	0.74
596.544	5.16	0.78
596.736	5.14	0.82
596.928	5.14	0.8
597.12	5.14	0.82
597.312	5.14	0.84
597.504	5.14	0.84
597.696	5.14	0.84
597.888	5.14	0.88
598.08	5.14	0.86
598.272	5.14	0.84
598.464	5.14	0.8
598.656	5.12	0.76
598.848	5.12	0.76
599.04	5.12	0.72
599.232	5.1	0.68
599.424	5.08	0.68
599.616	5.1	0.7
599.808	5.1	0.66
600.0	5.1	0.7
600.192	5.1	0.72
600.384	5.1	0.72
600.576	5.1	0.72
600.768	5.08	0.74
600.96	5.08	0.76
601.152	5.1	0.82
601.344	5.12	0.82
601.536	5.12	0.82
601.728	5.16	0.84
601.92	5.16	0.86
602.112	5.16	0.88
602.304	5.16	0.92
602.496	5.2	0.96
602.688	5.22	0.98
602.88	5.24	1.0
603.072	5.26	0.98
603.264	5.28	1.02
603.456	5.3	1.02
603.648	5.3	1.02
603.84	5.3	1.02
604.032	5.34	1.0
604.224	5.34	1.0
604.416	5.34	1.0
604.608	5.36	0.98
604.8	5.34	1.0
604.992	5.34	1.0
605.184	5.34	0.96
605.376	5.34	0.96
605.568	5.34	0.96
605.76	5.36	0.92
605.952	5.38	0.9
606.144	5.4	0.86
606.336	5.4	0.82
606.528	5.4	0.82
606.72	5.42	0.82
606.912	5.42	0.82
607.104	5.44	0.86
607.296	5.44	0.86
607.488	5.42	0.86
607.68	5.44	0.86
607.872	5.44	0.86
608.064	5.44	0.86
608.256	5.44	0.86
608.448	5.44	0.84
608.64	5.44	0.82
608.832	5.46	0.82
609.024	5.44	0.78
609.216	5.44	0.8
609.408	5.46	0.8
609.6	5.44	0.82
609.792	5.42	0.84
609.984	5.4	0.86
610.176	5.4	0.86
610.368	5.4	0.86
610.56	5.38	0.84
610.752	5.36	0.82
610.944	5.34	0.84
611.136	5.32	0.82
611.328	5.3	0.82
611.52	5.3	0.82
611.712	5.28	0.8
611.904	5.28	0.76
612.096	5.28	0.76
612.288	5.28	0.78
612.48	5.28	0.8
612.672	5.26	0.82
612.864	5.26	0.82
613.056	5.28	0.8
613.248	5.28	0.78
613.44	5.26	0.76
613.632	5.26	0.76
613.824	5.26	0.8
614.016	5.24	0.8
614.208	5.22	0.78
614.4	5.22	0.74
614.592	5.22	0.74
614.784	5.2	0.74
614.976	5.18	0.74
615.168	5.18	0.74
615.36	5.18	0.74
615.552	5.18	0.74
615.744	5.18	0.7
615.936	5.18	0.66
616.128	5.18	0.7
616.32	5.18	0.74
616.512	5.16	0.74
616.704	5.18	0.74
616.896	5.18	0.76
617.088	5.18	0.74
617.28	5.18	0.78
617.472	5.18	0.8
617.664	5.18	0.84
617.856	5.18	0.9
618.048	5.2	0.9
618.24	5.2	0.9
618.432	5.24	0.9
618.624	5.24	0.92
618.816	5.24	0.92
619.008	5.24	0.96
619.2	5.26	0.88
619.392	5.26	1.04
619.584	5.28	1.04
619.776	5.3	1.04
619.968	5.3	1.06
620.16	5.34	1.02
620.352	5.34	1.02
620.544	5.36	1.02
620.736	5.38	1.02
620.928	5.42	1.04
621.12	5.44	1.1
621.312	5.46	0.94
621.504	5.48	0.96
621.696	5.48	0.98
621.888	5.5	0.96
622.08	5.5	1.02
622.272	5.52	1.04
622.464	5.54	1.04
622.656	5.56	1.06
622.848	5.56	1.04
623.04	5.56	1.06
623.232	5.56	1.04
623.424	5.56	1.1
623.616	5.58	0.94
623.808	5.58	1.12
624.0	5.58	1.24
624.192	5.58	1.1
624.384	5.58	0.88
624.576	5.58	0.88
624.768	5.58	1.18
624.96	5.56	1.12
625.152	5.56	1.14
625.344	5.56	1.02
625.536	5.56	1.18
625.728	5.54	0.96
625.92	5.54	0.82
626.112	5.54	0.94
626.304	5.52	1.08
626.496	5.5	1.08
626.688	5.48	0.8
626.88	5.5	0.84
627.072	5.5	0.82
627.264	5.5	0.86
627.456	5.48	0.84
627.648	5.5	0.86
627.84	5.48	0.88
628.032	5.46	0.88
628.224	5.46	0.92
628.416	5.44	0.88
628.608	5.44	0.88
628.8	5.42	0.86
628.992	5.42	0.86
629.184	5.4	0.84
629.376	5.38	0.82
629.568	5.36	0.82
629.76	5.36	0.8
629.952	5.36	0.78
630.144	5.34	0.78
630.336	5.36	0.8
630.528	5.36	0.76
630.72	5.36	0.78
630.912	5.36	0.8
631.104	5.36	0.8
631.296	5.38	0.82
631.488	5.38	0.8
631.68	5.38	0.78
631.872	5.36	0.8
632.064	5.38	0.8
632.256	5.36	0.78
632.448	5.38	0.78
632.64	5.38	0.76
632.832	5.38	0.74
633.024	5.38	0.76
633.216	5.36	0.74
633.408	5.36	0.76
633.6	5.34	0.78
633.792	5.36	0.76
633.984	5.36	0.76
634.176	5.34	0.78
634.368	5.32	0.8
634.56	5.32	0.84
634.752	5.32	0.88
634.944	5.3	0.88
635.136	5.32	0.92
635.328	5.32	0.92
635.52	5.34	0.92
635.712	5.34	0.94
635.904	5.34	0.96
636.096	5.4	0.96
636.288	5.42	0.96
636.48	5.42	0.94
636.672	5.44	0.94
636.864	5.48	0.96
637.056	5.5	0.96
637.248	5.52	0.98
637.44	5.54	0.98
637.632	5.56	1.0
637.824	5.58	1.0
638.016	5.58	1.0
638.208	5.6	1.0
638.4	5.62	0.98
638.592	5.62	0.98
638.784	5.62	0.98
638.976	5.62	0.96
639.168	5.62	0.94
639.36	5.62	0.94
639.552	5.62	0.96
639.744	5.62	0.96
639.936	5.62	0.98
640.128	5.6	1.06
640.32	5.6	1.08
640.512	5.6	1.06
640.704	5.6	1.02
640.896	5.62	1.02
641.088	5.64	1.02
641.28	5.64	1.0
641.472	5.66	0.96
641.664	5.66	0.92
641.856	5.66	0.9
642.048	5.66	0.82
642.24	5.68	0.82
642.432	5.68	0.82
642.624	5.68	0.82
642.816	5.68	0.82
643.008	5.66	0.84
643.2	5.66	0.84
643.392	5.64	0.82
643.584	5.66	0.84
643.776	5.68	0.84
643.968	5.68	0.84
644.16	5.66	0.84
644.352	5.66	0.82
644.544	5.64	0.84
644.736	5.62	0.84
644.928	5.6	0.82
645.12	5.6	0.82
645.312	5.6	0.82
645.504	5.56	0.8
645.696	5.54	0.8
645.888	5.54	0.8
646.08	5.52	0.78
646.272	5.5	0.78
646.464	5.5	0.76
646.656	5.48	0.76
646.848	5.48	0.76
647.04	5.48	0.76
647.232	5.46	0.78
647.424	5.46	0.78
647.616	5.44	0.74
647.808	5.42	0.74
648.0	5.42	0.74
648.192	5.42	0.76
648.384	5.42	0.76
648.576	5.42	0.76
648.768	5.44	0.72
648.96	5.42	0.72
649.152	5.42	0.62000001
649.344	5.42	0.64000001
649.536	5.42	0.68000001
649.728	5.44	0.68000001
649.92	5.44	0.70000001
650.112	5.44	0.70000001
650.304	5.42	0.72000001
650.496	5.42	0.68000001
650.688	5.4	0.70000001
650.88	5.4	0.72000001
651.072	5.4	0.8
651.264	5.4	0.82
651.456	5.42	0.82
651.648	5.42	0.82
651.84	5.42	0.82
652.032	5.42	0.82
652.224	5.46	0.82
652.416	5.48	0.86
652.608	5.5	0.88
652.8	5.52	0.9
652.992	5.56	0.92
653.184	5.58	0.92
653.376	5.58	0.92
653.568	5.58	0.94
653.76	5.62	0.96
653.952	5.64	0.98
654.144	5.64	0.98
654.336	5.66	1.0
654.528	5.68	1.0
654.72	5.7	0.96
654.912	5.7	0.98
655.104	5.7	0.98
655.296	5.7	0.98
655.488	5.72	0.96
655.68	5.72	0.96
655.872	5.72	0.94
656.064	5.74	0.94
656.256	5.72	0.92
656.448	5.72	0.94
656.64	5.72	0.96
656.832	5.72	0.96
657.024	5.74	0.96
657.216	5.76	0.96
657.408	5.74	0.98
657.6	5.74	0.96
657.792	5.76	0.96
657.984	5.76	0.94
658.176	5.78	0.92
658.368	5.78	0.9
658.56	5.78	0.92
658.752	5.76	0.9
658.944	5.76	0.9
659.136	5.78	0.92
659.328	5.8	0.88
659.52	5.8	0.88
659.712	5.8	0.86
659.904	5.78	0.9
660.096	5.76	0.92
660.288	5.76	0.92
660.48	5.76	0.9
660.672	5.76	0.9
660.864	5.76	0.9
661.056	5.74	0.86
661.248	5.74	0.86
661.44	5.74	0.86
661.632	5.72	0.88
661.824	5.72	0.86
662.016	5.72	0.84
662.208	5.72	0.82
662.4	5.7	0.8
662.592	5.7	0.78
662.784	5.7	0.76
662.976	5.7	0.8
663.168	5.68	0.8
663.36	5.66	0.8
663.552	5.64	0.8
663.744	5.64	0.8
663.936	5.66	0.8
664.128	5.64	0.82
664.32	5.64	0.82
664.512	5.64	0.84
664.704	5.62	0.84
664.896	5.6	0.8
665.088	5.6	0.8
665.28	5.6	0.78
665.472	5.62	0.76
665.664	5.62	0.74
665.856	5.58	0.72
666.048	5.58	0.68
666.24	5.58	0.68
666.432	5.58	0.66
666.624	5.58	0.68
666.816	5.58	0.68
667.008	5.58	0.7
667.2	5.58	0.72
667.392	5.58	0.72
667.584	5.56	0.76
667.776	5.58	0.78
667.968	5.6	0.82
668.16	5.62	0.82
668.352	5.62	0.84
668.544	5.62	0.84
668.736	5.62	0.88
668.928	5.62	0.9
669.12	5.64	0.92
669.312	5.64	0.94
669.504	5.68	0.94
669.696	5.7	0.98
669.888	5.7	1.0
670.08	5.72	1.06
670.272	5.74	1.06
670.464	5.74	1.08
670.656	5.76	1.08
670.848	5.78	1.08
671.04	5.78	1.06
671.232	5.8	1.06
671.424	5.8	1.04
671.616	5.8	1.06
671.808	5.82	1.06
672.0	5.82	1.04
672.192	5.82	1.04
672.384	5.86	1.02
672.576	5.88	1.0
672.768	5.9	0.98
672.96	5.92	1.0
673.152	5.94	1.02
673.344	5.94	1.0
673.536	5.94	0.96
673.728	5.92	0.96
673.92	5.92	0.94
674.112	5.92	0.94
674.304	5.92	0.9
674.496	5.92	0.88
674.688	5.9	0.9
674.88	5.9	0.88
675.072	5.88	0.86
675.264	5.9	0.86
675.456	5.9	0.84
675.648	5.9	0.82
675.84	5.9	0.8
676.032	5.9	0.78
676.224	5.88	0.8
676.416	5.86	0.82
676.608	5.86	0.8
676.8	5.84	0.82
676.992	5.84	0.84
677.184	5.82	0.84
677.376	5.82	0.84
677.568	5.84	0.86
677.76	5.82	0.86
677.952	5.82	0.86
678.144	5.8	0.9
678.336	5.8	0.88
678.528	5.82	0.88
678.72	5.82	0.84
678.912	5.8	0.78
679.104	5.8	0.78
679.296	5.8	0.8
679.488	5.78	0.78
679.68	5.76	0.8
679.872	5.74	0.8
680.064	5.76	0.76
680.256	5.74	0.76
680.448	5.72	0.74
680.64	5.7	0.76
680.832	5.72	0.78
681.024	5.7	0.8
681.216	5.7	0.8
681.408	5.68	0.78
681.6	5.7	0.78
681.792	5.7	0.76
681.984	5.7	0.76
682.176	5.7	0.76
682.368	5.68	0.72
682.56	5.68	0.68
682.752	5.66	0.68
682.944	5.66	0.68
683.136	5.66	0.64
683.328	5.68	0.66
683.52	5.68	0.66
683.712	5.68	0.68
683.904	5.68	0.7
684.096	5.68	0.68
684.288	5.68	0.72
684.48	5.7	0.76
684.672	5.72	0.78
684.864	5.74	0.78
685.056	5.74	0.84
685.248	5.74	0.84
685.44	5.74	0.86
685.632	5.78	0.9
685.824	5.8	0.9
686.016	5.82	0.96
686.208	5.84	1.0
686.4	5.86	1.0
686.592	5.86	1.02
686.784	5.88	1.02
686.976	5.88	1.02
687.168	5.88	1.04
687.36	5.9	1.02
687.552	5.88	1.02
687.744	5.88	1.0
687.936	5.9	0.98
688.128	5.92	0.96
688.32	5.94	0.96
688.512	5.96	0.94
688.704	5.98	0.94
688.896	6.0	0.92
689.088	6.04	0.9
689.28	6.06	0.9
689.472	6.08	0.88
689.664	6.08	0.9
689.856	6.1	0.92
690.048	6.1	0.98
690.24	6.1	1.02
690.432	6.12	1.02
690.624	6.1	1.0
690.816	6.1	0.98
691.008	6.1	0.96
691.2	6.08	0.96
691.392	6.08	0.94
691.584	6.08	0.94
691.776	6.06	0.92
691.968	6.06	0.86
692.16	6.06	0.82
692.352	6.04	0.8
692.544	6.04	0.82
692.736	6.04	0.82
692.928	6.0	0.84
693.12	6.0	0.84
693.312	6.02	0.84
693.504	6.02	0.82
693.696	6.02	0.82
693.888	6.02	0.82
694.08	6.02	0.82
694.272	6.02	0.84
694.464	6.02	0.84
694.656	6.0	0.84
694.848	6.0	0.84
695.04	6.0	0.86
695.232	5.96	0.88
695.424	5.94	0.88
695.616	5.92	0.86
695.808	5.9	0.84
696.0	5.88	0.8
696.192	5.86	0.8
696.384	5.84	0.78
696.576	5.86	0.78
696.768	5.84	0.76
696.96	5.82	0.74
697.152	5.82	0.74
697.344	5.82	0.74
697.536	5.82	0.76
697.728	5.82	0.76
697.92	5.8	0.8
698.112	5.8	0.78
698.304	5.8	0.78
698.496	5.78	0.78
698.688	5.82	0.78
698.88	5.82	0.74
699.072	5.82	0.76
699.264	5.82	0.74
699.456	5.84	0.74
699.648	5.84	0.74
699.84	5.84	0.74
700.032	5.84	0.76
700.224	5.84	0.76
700.416	5.84	0.76
700.608	5.82	0.76
700.8	5.82	0.8
700.992	5.82	0.78
701.184	5.82	0.82
701.376	5.8	0.82
701.568	5.82	0.82
701.76	5.84	0.8
701.952	5.84	0.78
702.144	5.86	0.8
702.336	5.88	0.82
702.528	5.88	0.86
702.72	5.9	0.88
702.912	5.94	0.88
703.104	5.96	0.9
703.296	6.0	0.92
703.488	6.0	0.96
703.68	6.0	1.0
703.872	6.02	1.04
704.064	6.04	1.04
704.256	6.06	1.06
704.448	6.1	1.06
704.64	6.1	1.04
704.832	6.1	1.04
705.024	6.12	1.02
705.216	6.12	1.02
705.408	6.14	1.02
705.6	6.16	1.02
705.792	6.18	1.0
705.984	6.18	1.04
706.176	6.18	1.04
706.368	6.18	1.04
706.56	6.2	1.06
706.752	6.2	1.12
706.944	6.2	1.12
707.136	6.2	1.1
707.328	6.2	1.08
707.52	6.2	1.08
707.712	6.2	1.1
707.904	6.2	1.06
708.096	6.2	1.02
708.288	6.18	1.0
708.48	6.18	0.98
708.672	6.18	0.9
708.864	6.18	0.9
709.056	6.18	0.88
709.248	6.18	0.86
709.44	6.16	0.82
709.632	6.18	0.78
709.824	6.18	0.76
710.016	6.16	0.8
710.208	6.18	0.8
710.4	6.18	0.78
710.592	6.18	0.8
710.784	6.14	0.8
710.976	6.12	0.82
711.168	6.12	0.84
711.36	6.12	0.86
711.552	6.1	0.88
711.744	6.08	0.88
711.936	6.08	0.86
712.128	6.06	0.84
712.32	6.04	0.84
712.512	6.02	0.82
712.704	6.04	0.8
712.896	6.06	0.78
713.088	6.04	0.78
713.28	6.02	0.74
713.472	6.02	0.72
713.664	6.02	0.74
713.856	6.02	0.74
714.048	6.02	0.72
714.24	6.0	0.74
714.432	5.98	0.72
714.624	5.96	0.76
714.816	5.94	0.76
715.008	5.94	0.74
715.2	5.96	0.76
715.392	5.94	0.78
715.584	5.94	0.78
715.776	5.94	0.78
715.968	5.94	0.8
716.16	5.96	0.78
716.352	5.96	0.78
716.544	5.98	0.74
716.736	5.98	0.76
716.928	5.96	0.76
717.12	5.94	0.76
717.312	5.94	0.74
717.504	5.92	0.74
717.696	5.92	0.74
717.888	5.92	0.76
718.08	5.92	0.8
718.272	5.96	0.84
718.464	5.96	0.86
718.656	5.96	0.86
718.848	5.98	0.88
719.04	6.02	0.9
719.232	6.04	0.92
719.424	6.08	0.92
719.616	6.1	0.94
719.808	6.12	0.92
720.0	6.12	0.9
720.192	6.12	0.9
720.384	6.14	0.92
720.576	6.16	0.92
720.768	6.18	0.94
720.96	6.18	0.96
721.152	6.2	0.94
721.344	6.22	0.96
721.536	6.26	0.98
721.728	6.26	1.02
721.92	6.28	1.04
722.112	6.3	1.06
722.304	6.32	1.04
722.496	6.32	1.02
722.688	6.34	1.02
722.88	6.36	1.02
723.072	6.36	1.04
723.264	6.34	1.04
723.456	6.32	1.04
723.648	6.34	1.04
723.84	6.34	1.02
724.032	6.32	0.98
724.224	6.34	0.98
724.416	6.36	1.0
724.608	6.36	0.98
724.8	6.36	0.94
724.992	6.34	0.94
725.184	6.34	0.9
725.376	6.34	0.88
725.568	6.34	0.86
725.76	6.36	0.84
725.952	6.38	0.86
726.144	6.34	0.84
726.336	6.32	0.84
726.528	6.3	0.82
726.72	6.3	0.84
726.912	6.3	0.82
727.104	6.3	0.84
727.296	6.3	0.82
727.488	6.3	0.82
727.68	6.3	0.84
727.872	6.28	0.84
728.064	6.3	0.84
728.256	6.3	0.84
728.448	6.32	0.84
728.64	6.3	0.84
728.832	6.3	0.86
729.024	6.3	0.84
729.216	6.28	0.84
729.408	6.24	0.82
729.6	6.2	0.8
729.792	6.2	0.78
729.984	6.18	0.78
730.176	6.16	0.78
730.368	6.14	0.76
730.56	6.14	0.76
730.752	6.12	0.74
730.944	6.12	0.76
731.136	6.1	0.72
731.328	6.12	0.7
731.52	6.12	0.72
731.712	6.1	0.74
731.904	6.1	0.74
732.096	6.12	0.72
732.288	6.12	0.72
732.48	6.12	0.66
732.672	6.14	0.68
732.864	6.14	0.68
733.056	6.14	0.7
733.248	6.14	0.76
733.44	6.14	0.74
733.632	6.14	0.76
733.824	6.12	0.78
734.016	6.12	0.82
734.208	6.12	0.86
734.4	6.1	0.92
734.592	6.1	0.9
734.784	6.08	0.92
734.976	6.1	0.96
735.168	6.1	0.94
735.36	6.14	0.96
735.552	6.18	0.94
735.744	6.2	0.9
735.936	6.22	0.82
736.128	6.22	0.7
736.32	6.26	0.8
736.512	6.26	0.84
736.704	6.28	0.62
736.896	6.3	0.66
737.088	6.32	0.68
737.28	6.32	0.68
737.472	6.32	0.72
737.664	6.34	0.78
737.856	6.36	1.1
738.048	6.4	1.26
738.24	6.4	1.36
738.432	6.44	1.28
738.624	6.46	1.5
738.816	6.5	1.2
739.008	6.52	1.16
739.2	6.54	1.18
739.392	6.56	1.18
739.584	6.56	1.24
739.776	6.56	0.96
739.968	6.56	1.0
740.16	6.58	0.78
740.352	6.58	0.82
740.544	6.62	0.82
740.736	6.6	1.1
740.928	6.6	1.04
741.12	6.6	0.94
741.312	6.6	0.86
741.504	6.62	0.72
741.696	6.6	0.76
741.888	6.58	0.62
742.08	6.56	0.72
742.272	6.56	0.7
742.464	6.54	0.84
742.656	6.54	0.92
742.848	6.54	0.96
743.04	6.54	1.02
743.232	6.54	1.04
743.424	6.52	1.1
743.616	6.52	1.06
743.808	6.54	1.1
744.0	6.54	1.02
744.192	6.54	1.04
744.384	6.52	0.86
744.576	6.52	0.76
744.768	6.52	0.78
744.96	6.5	0.78
745.152	6.48	0.8
745.344	6.48	0.78
745.536	6.48	0.8
745.728	6.48	0.82
745.92	6.48	0.8
746.112	6.44	0.78
746.304	6.44	0.78
746.496	6.42	0.72
746.688	6.38	0.68
746.88	6.36	0.64
747.072	6.36	0.64
747.264	6.34	0.66
747.456	6.36	0.66
747.648	6.32	0.66
747.84	6.32	0.66
748.032	6.34	0.66
748.224	6.34	0.66
748.416	6.32	0.7
748.608	6.32	0.78
748.8	6.34	0.82
748.992	6.32	0.78
749.184	6.34	0.74
749.376	6.3	0.74
749.568	6.3	0.74
749.76	6.28	0.72
749.952	6.28	0.76
750.144	6.28	0.76
750.336	6.3	0.74
750.528	6.3	0.66
750.72	6.28	0.7
750.912	6.3	0.68
751.104	6.28	0.74
751.296	6.3	0.74
751.488	6.32	0.74
751.68	6.32	0.8
751.872	6.32	0.82
752.064	6.34	0.86
752.256	6.34	0.9
752.448	6.38	0.96
752.64	6.4	0.96
752.832	6.42	1.04
753.024	6.46	1.04
753.216	6.46	1.04
753.408	6.48	1.04
753.6	6.52	1.04
753.792	6.54	1.02
753.984	6.54	1.02
754.176	6.56	1.0
754.368	6.56	1.02
754.56	6.58	1.02
754.752	6.58	1.02
754.944	6.58	1.0
755.136	6.6	1.0
755.328	6.6	1.0
755.52	6.62	0.98
755.712	6.62	1.0
755.904	6.64	0.98
756.096	6.66	1.0
756.288	6.66	1.0
756.48	6.68	0.98
756.672	6.7	1.0
756.864	6.72	1.02
757.056	6.72	1.02
757.248	6.74	1.02
757.44	6.72	1.0
757.632	6.74	1.0
757.824	6.74	1.02
758.016	6.74	0.98
758.208	6.76	0.96
758.4	6.74	0.96
758.592	6.74	0.92
758.784	6.76	0.92
758.976	6.76	0.92
759.168	6.74	0.92
759.36	6.76	0.94
759.552	6.76	0.9
759.744	6.74	0.86
759.936	6.72	0.86
760.128	6.7	0.86
760.32	6.72	0.86
760.512	6.7	0.84
760.704	6.66	0.82
760.896	6.66	0.8
761.088	6.66	0.8
761.28	6.64	0.82
761.472	6.62	0.84
761.664	6.62	0.86
761.856	6.62	0.86
762.048	6.62	0.84
762.24	6.6	0.82
762.432	6.6	0.86
762.624	6.58	0.86
762.816	6.56	0.86
763.008	6.56	0.86
763.2	6.56	0.84
763.392	6.56	0.84
763.584	6.56	0.84
763.776	6.54	0.84
763.968	6.52	0.84
764.16	6.5	0.84
764.352	6.48	0.82
764.544	6.48	0.8
764.736	6.5	0.82
764.928	6.48	0.8
765.12	6.46	0.8
765.312	6.42	0.78
765.504	6.4	0.76
765.696	6.4	0.76
765.888	6.4	0.7
766.08	6.4	0.7
766.272	6.4	0.68
766.464	6.42	0.72
766.656	6.42	0.74
766.848	6.42	0.74
767.04	6.44	0.72
767.232	6.48	0.7
767.424	6.48	0.7
767.616	6.5	0.72
767.808	6.52	0.8
768.0	6.54	0.82
768.192	6.54	0.84
768.384	6.52	0.82
768.576	6.52	0.82
768.768	6.54	0.86
768.96	6.54	0.88
769.152	6.54	0.92
769.344	6.56	0.96
769.536	6.58	0.96
769.728	6.58	0.96
769.92	6.58	0.96
770.112	6.6	0.96
770.304	6.64	0.96
770.496	6.66	0.96
770.688	6.68	0.98
770.88	6.72	1.0
771.072	6.76	1.02
771.264	6.78	1.02
771.456	6.8	1.04
771.648	6.82	1.06
771.84	6.86	1.1
772.032	6.9	1.12
772.224	6.9	1.14
772.416	6.92	1.14
772.608	6.92	1.1
772.8	6.92	1.1
772.992	6.92	1.08
773.184	6.92	1.08
773.376	6.92	1.14
773.568	6.92	1.12
773.76	6.9	1.08
773.952	6.9	1.04
774.144	6.9	1.02
774.336	6.88	0.98
774.528	6.88	0.98
774.72	6.86	0.96
774.912	6.84	0.94
775.104	6.84	0.92
775.296	6.82	0.82
775.488	6.84	0.8
775.68	6.84	0.8
775.872	6.84	0.8
776.064	6.84	0.8
776.256	6.86	0.82
776.448	6.86	0.8
776.64	6.86	0.78
776.832	6.86	0.8
777.024	6.86	0.8
777.216	6.86	0.8
777.408	6.84	0.8
777.6	6.84	0.8
777.792	6.82	0.8
777.984	6.82	0.8
778.176	6.78	0.82
778.368	6.76	0.84
778.56	6.76	0.86
778.752	6.76	0.86
778.944	6.74	0.84
779.136	6.74	0.86
779.328	6.74	0.86
779.52	6.74	0.84
779.712	6.74	0.84
779.904	6.74	0.82
780.096	6.74	0.78
780.288	6.74	0.78
780.48	6.72	0.78
780.672	6.72	0.76
780.864	6.72	0.76
781.056	6.72	0.74
781.248	6.7	0.76
781.44	6.68	0.76
781.632	6.66	0.78
781.824	6.64	0.8
782.016	6.64	0.8
782.208	6.64	0.8
782.4	6.64	0.78
782.592	6.62	0.76
782.784	6.62	0.76
782.976	6.58	0.76
783.168	6.56	0.74
783.36	6.56	0.76
783.552	6.56	0.76
783.744	6.56	0.76
783.936	6.54	0.78
784.128	6.52	0.8
784.32	6.54	0.82
784.512	6.54	0.86
784.704	6.56	0.86
784.896	6.58	0.88
785.088	6.62	0.92
785.28	6.64	0.94
785.472	6.66	0.94
785.664	6.68	0.94
785.856	6.72	0.94
786.048	6.76	0.92
786.24	6.78	0.94
786.432	6.8	0.92
786.624	6.82	0.92
786.816	6.86	0.92
787.008	6.9	0.92
787.2	6.92	0.9
787.392	6.94	0.92
787.584	6.96	0.94
787.776	7.0	0.96
787.968	7.02	1.0
788.16	7.02	1.0
788.352	7.04	1.04
788.544	7.04	1.08
788.736	7.04	1.12
788.928	7.04	1.12
789.12	7.06	1.12
789.312	7.08	1.12
789.504	7.1	1.12
789.696	7.1	1.08
789.888	7.12	1.06
790.08	7.12	1.06
790.272	7.1	1.04
790.464	7.1	1.02
790.656	7.14	0.96
790.848	7.14	0.92
791.04	7.12	0.92
791.232	7.1	0.9
791.424	7.08	0.88
791.616	7.08	0.86
791.808	7.06	0.82
792.0	7.08	0.8
792.192	7.1	0.8
792.384	7.1	0.78
792.576	7.06	0.78
792.768	7.04	0.8
792.96	7.04	0.78
793.152	7.04	0.78
793.344	7.06	0.76
793.536	7.04	0.8
793.728	7.04	0.8
793.92	7.04	0.8
794.112	7.04	0.8
794.304	7.04	0.82
794.496	7.02	0.82
794.688	7.02	0.82
794.88	7.0	0.84
795.072	6.98	0.84
795.264	6.94	0.84
795.456	6.94	0.84
795.648	6.92	0.86
795.84	6.88	0.84
796.032	6.88	0.82
796.224	6.86	0.8
796.416	6.9	0.82
796.608	6.88	0.84
796.8	6.9	0.84
796.992	6.9	0.84
797.184	6.9	0.84
797.376	6.88	0.82
797.568	6.88	0.8
797.76	6.88	0.8
797.952	6.86	0.8
798.144	6.86	0.82
798.336	6.82	0.82
798.528	6.82	0.82
798.72	6.78	0.8
798.912	6.78	0.78
799.104	6.78	0.76
799.296	6.78	0.76
799.488	6.78	0.78
799.68	6.8	0.8
799.872	6.8	0.8
800.064	6.82	0.78
800.256	6.82	0.76
800.448	6.82	0.72
800.64	6.84	0.74
800.832	6.86	0.76
801.024	6.86	0.8
801.216	6.86	0.82
801.408	6.88	0.82
801.6	6.86	0.82
801.792	6.88	0.82
801.984	6.88	0.84
802.176	6.88	0.86
802.368	6.88	0.88
802.56	6.9	0.88
802.752	6.9	0.88
802.944	6.92	0.88
803.136	6.92	0.9
803.328	6.92	0.9
803.52	6.96	0.92
803.712	6.96	0.96
803.904	6.98	0.98
804.096	7.0	0.98
804.288	7.06	0.96
804.48	7.08	0.98
804.672	7.12	0.98
804.864	7.14	1.0
805.056	7.18	0.98
805.248	7.22	0.98
805.44	7.22	0.94
805.632	7.26	0.92
805.824	7.28	0.9
806.016	7.3	0.92
806.208	7.28	0.96
806.4	7.28	0.94
806.592	7.26	0.96
806.784	7.28	0.96
806.976	7.28	0.96
807.168	7.26	0.96
807.36	7.28	0.98
807.552	7.26	0.96
807.744	7.26	0.96
807.936	7.26	0.94
808.128	7.26	0.94
808.32	7.28	0.92
808.512	7.28	0.9
808.704	7.26	0.86
808.896	7.26	0.84
809.088	7.26	0.82
809.28	7.26	0.8
809.472	7.26	0.82
809.664	7.24	0.82
809.856	7.26	0.8
810.048	7.26	0.78
810.24	7.24	0.78
810.432	7.24	0.76
810.624	7.24	0.8
810.816	7.24	0.8
811.008	7.24	0.8
811.2	7.22	0.8
811.392	7.2	0.78
811.584	7.22	0.78
811.776	7.18	0.78
811.968	7.18	0.78
812.16	7.18	0.8
812.352	7.16	0.8
812.544	7.14	0.78
812.736	7.12	0.78
812.928	7.1	0.78
813.12	7.1	0.78
813.312	7.12	0.78
813.504	7.08	0.78
813.696	7.1	0.78
813.888	7.08	0.76
814.08	7.08	0.76
814.272	7.06	0.76
814.464	7.06	0.72
814.656	7.06	0.74
814.848	7.06	0.76
815.04	7.04	0.78
815.232	7.02	0.78
815.424	7.02	0.76
815.616	6.98	0.76
815.808	6.98	0.7
816.0	6.96	0.66
816.192	6.98	0.68
816.384	6.98	0.7
816.576	6.98	0.7
816.768	7.0	0.72
816.96	7.0	0.72
817.152	7.0	0.76
817.344	7.0	0.74
817.536	7.02	0.76
817.728	7.04	0.84
817.92	7.06	0.9
818.112	7.08	0.92
818.304	7.08	0.92
818.496	7.08	0.92
818.688	7.08	0.9
818.88	7.1	0.9
819.072	7.12	0.86
819.264	7.14	0.92
819.456	7.16	0.94
819.648	7.16	0.96
819.84	7.16	0.96
820.032	7.16	0.94
820.224	7.18	0.98
820.416	7.22	0.98
820.608	7.22	1.0
820.8	7.24	1.02
820.992	7.26	1.04
821.184	7.28	1.02
821.376	7.28	1.02
821.568	7.3	1.02
821.76	7.3	1.02
821.952	7.32	1.04
822.144	7.36	1.04
822.336	7.38	1.06
822.528	7.42	1.02
822.72	7.42	1.02
822.912	7.44	1.04
823.104	7.46	1.08
823.296	7.5	1.08
823.488	7.52	1.08
823.68	7.54	1.06
823.872	7.54	1.02
824.064	7.54	0.98
824.256	7.52	0.92
824.448	7.52	0.94
824.64	7.54	0.94
824.832	7.52	0.9
825.024	7.5	0.88
825.216	7.48	0.84
825.408	7.46	0.82
825.6	7.46	0.82
825.792	7.46	0.84
825.984	7.46	0.84
826.176	7.46	0.88
826.368	7.44	0.86
826.56	7.42	0.82
826.752	7.4	0.84
826.944	7.4	0.82
827.136	7.4	0.82
827.328	7.4	0.8
827.52	7.4	0.8
827.712	7.4	0.8
827.904	7.38	0.8
828.096	7.36	0.78
828.288	7.34	0.8
828.48	7.34	0.8
828.672	7.34	0.8
828.864	7.34	0.76
829.056	7.32	0.76
829.248	7.32	0.78
829.44	7.32	0.74
829.632	7.32	0.72
829.824	7.3	0.72
830.016	7.3	0.74
830.208	7.3	0.72
830.4	7.28	0.74
830.592	7.28	0.74
830.784	7.26	0.76
830.976	7.26	0.76
831.168	7.26	0.76
831.36	7.24	0.8
831.552	7.22	0.8
831.744	7.2	0.82
831.936	7.2	0.78
832.128	7.2	0.76
832.32	7.2	0.72
832.512	7.2	0.64
832.704	7.24	0.64
832.896	7.22	0.66
833.088	7.22	0.66
833.28	7.22	0.64
833.472	7.2	0.66
833.664	7.24	0.64
833.856	7.24	0.66
834.048	7.26	0.7
834.24	7.26	0.74
834.432	7.28	0.8
834.624	7.26	0.82
834.816	7.3	0.82
835.008	7.3	0.82
835.2	7.3	0.78
835.392	7.34	0.78
835.584	7.36	0.82
835.776	7.38	0.84
835.968	7.38	0.86
836.16	7.42	0.88
836.352	7.42	0.9
836.544	7.42	0.9
836.736	7.44	0.88
836.928	7.46	0.9
837.12	7.5	1.0
837.312	7.5	0.98
837.504	7.5	0.96
837.696	7.52	0.96
837.888	7.54	0.94
838.08	7.56	0.94
838.272	7.58	0.94
838.464	7.6	0.94
838.656	7.6	0.98
838.848	7.62	0.98
839.04	7.62	0.94
839.232	7.66	0.96
839.424	7.68	0.96
839.616	7.7	0.98
839.808	7.7	0.98
840.0	7.7	1.02
840.192	7.7	1.02
840.384	7.7	1.02
840.576	7.7	1.0
840.768	7.68	0.98
840.96	7.68	0.96
841.152	7.66	0.96
841.344	7.64	0.94
841.536	7.64	0.92
841.728	7.66	0.92
841.92	7.64	0.86
842.112	7.64	0.86
842.304	7.64	0.84
842.496	7.64	0.84
842.688	7.64	0.84
842.88	7.62	0.86
843.072	7.62	0.86
843.264	7.6	0.86
843.456	7.58	0.86
843.648	7.56	0.86
843.84	7.56	0.84
844.032	7.56	0.84
844.224	7.56	0.86
844.416	7.54	0.84
844.608	7.52	0.84
844.8	7.54	0.82
844.992	7.54	0.82
845.184	7.54	0.82
845.376	7.54	0.78
845.568	7.52	0.78
845.76	7.5	0.8
845.952	7.48	0.78
846.144	7.46	0.78
846.336	7.46	0.78
846.528	7.46	0.76
846.72	7.44	0.78
846.912	7.42	0.76
847.104	7.42	0.78
847.296	7.4	0.78
847.488	7.38	0.76
847.68	7.38	0.74
847.872	7.38	0.74
848.064	7.38	0.7
848.256	7.38	0.7
848.448	7.38	0.7
848.64	7.4	0.68
848.832	7.38	0.66
849.024	7.4	0.64
849.216	7.4	0.6
849.408	7.4	0.6
849.6	7.4	0.62
849.792	7.4	0.6
849.984	7.4	0.62
850.176	7.4	0.62
850.368	7.42	0.6
850.56	7.4	0.62
850.752	7.44	0.66
850.944	7.44	0.68
851.136	7.46	0.76
851.328	7.48	0.78
851.52	7.5	0.8
851.712	7.5	0.84
851.904	7.52	0.88
852.096	7.54	0.88
852.288	7.54	0.94
852.48	7.56	0.94
852.672	7.56	0.96
852.864	7.56	0.98
853.056	7.58	1.0
853.248	7.6	1.02
853.44	7.6	1.0
853.632	7.62	1.0
853.824	7.64	0.96
854.016	7.66	1.0
854.208	7.68	0.98
854.4	7.68	0.98
854.592	7.7	0.98
854.784	7.72	0.96
854.976	7.74	0.96
855.168	7.76	0.96
855.36	7.8	0.98
855.552	7.82	1.0
855.744	7.82	1.04
855.936	7.82	1.02
856.128	7.82	1.04
856.32	7.84	1.04
856.512	7.86	1.02
856.704	7.86	1.08
856.896	7.84	1.06
857.088	7.86	1.04
857.28	7.86	1.02
857.472	7.88	1.02
857.664	7.88	0.98
857.856	7.88	0.96
858.048	7.88	0.92
858.24	7.9	0.92
858.432	7.86	0.92
858.624	7.84	0.84
858.816	7.84	0.8
859.008	7.82	0.78
859.2	7.8	0.76
859.392	7.78	0.74
859.584	7.78	0.78
859.776	7.78	0.78
859.968	7.78	0.8
860.16	7.74	0.8
860.352	7.76	0.8
860.544	7.78	0.82
860.736	7.78	0.84
860.928	7.76	0.84
861.12	7.76	0.84
861.312	7.74	0.8
861.504	7.72	0.76
861.696	7.72	0.78
861.888	7.72	0.76
862.08	7.72	0.74
862.272	7.7	0.74
862.464	7.68	0.74
862.656	7.68	0.74
862.848	7.7	0.74
863.04	7.68	0.74
863.232	7.7	0.76
863.424	7.7	0.74
863.616	7.68	0.72
863.808	7.66	0.72
864.0	7.68	0.72
864.192	7.68	0.7
864.384	7.68	0.7
864.576	7.66	0.72
864.768	7.64	0.72
864.96	7.64	0.72
865.152	7.62	0.72
865.344	7.62	0.74
865.536	7.62	0.76
865.728	7.62	0.76
865.92	7.58	0.7
866.112	7.58	0.68
866.304	7.6	0.64
866.496	7.6	0.62
866.688	7.6	0.6
866.88	7.6	0.6
867.072	7.6	0.64
867.264	7.58	0.64
867.456	7.58	0.64
867.648	7.6	0.66
867.84	7.62	0.76
868.032	7.62	0.8
868.224	7.62	0.82
868.416	7.62	0.84
868.608	7.64	0.88
868.8	7.68	0.9
868.992	7.72	0.88
869.184	7.76	0.9
869.376	7.78	0.88
869.568	7.8	0.9
869.76	7.82	0.9
869.952	7.84	0.88
870.144	7.84	0.88
870.336	7.88	0.88
870.528	7.9	0.88
870.72	7.88	0.88
870.912	7.88	0.88
871.104	7.92	0.9
871.296	7.94	0.94
871.488	7.94	0.92
871.68	7.96	0.92
871.872	7.98	0.94
872.064	8.0	0.98
872.256	8.0	0.96
872.448	8.0	0.98
872.64	8.04	0.98
872.832	8.04	0.98
873.024	8.04	0.96
873.216	8.06	0.94
873.408	8.08	0.96
873.6	8.08	0.92
873.792	8.1	0.92
873.984	8.1	0.92
874.176	8.12	0.92
874.368	8.12	0.88
874.56	8.1	0.86
874.752	8.12	0.84
874.944	8.1	0.82
875.136	8.06	0.8
875.328	8.04	0.78
875.52	8.04	0.78
875.712	8.02	0.76
875.904	8.02	0.76
876.096	8.0	0.76
876.288	7.98	0.78
876.48	7.96	0.8
876.672	7.96	0.82
876.864	7.96	0.86
877.056	7.98	0.88
877.248	8.0	0.86
877.44	8.0	0.88
877.632	8.02	0.9
877.824	8.02	0.86
878.016	8.02	0.88
878.208	8.04	0.86
878.4	8.04	0.86
878.592	8.02	0.86
878.784	8.02	0.84
878.976	8.02	0.82
879.168	8.0	0.84
879.36	7.98	0.84
879.552	7.96	0.84
879.744	7.96	0.84
879.936	7.96	0.82
880.128	7.96	0.8
880.32	7.96	0.76
880.512	7.94	0.76
880.704	7.92	0.76
880.896	7.9	0.76
881.088	7.88	0.72
881.28	7.86	0.66
881.472	7.86	0.66
881.664	7.86	0.66
881.856	7.86	0.66
882.048	7.84	0.68
882.24	7.84	0.7
882.432	7.86	0.68
882.624	7.86	0.68
882.816	7.86	0.68
883.008	7.84	0.72
883.2	7.86	0.78
883.392	7.82	0.78
883.584	7.82	0.8
883.776	7.82	0.82
883.968	7.82	0.84
884.16	7.84	0.86
884.352	7.82	0.86
884.544	7.82	0.88
884.736	7.84	0.9
884.928	7.86	0.9
885.12	7.86	0.9
885.312	7.9	0.9
885.504	7.9	0.92
885.696	7.88	0.92
885.888	7.9	0.92
886.08	7.9	0.92
886.272	7.92	0.96
886.464	7.94	0.98
886.656	7.96	0.98
886.848	8.0	0.98
887.04	8.04	1.0
887.232	8.04	1.02
887.424	8.06	1.02
887.616	8.08	1.04
887.808	8.1	1.06
888.0	8.12	1.08
888.192	8.14	1.1
888.384	8.16	1.1
888.576	8.16	1.14
888.768	8.18	1.18
888.96	8.18	1.16
889.152	8.22	1.14
889.344	8.22	1.12
889.536	8.24	1.12
889.728	8.24	1.1
889.92	8.26	1.12
890.112	8.26	1.08
890.304	8.28	1.02
890.496	8.28	0.96
890.688	8.26	0.9
890.88	8.28	0.9
891.072	8.26	0.9
891.264	8.26	0.92
891.456	8.26	0.9
891.648	8.26	0.88
891.84	8.24	0.82
892.032	8.24	0.82
892.224	8.22	0.82
892.416	8.22	0.82
892.608	8.22	0.84
892.8	8.18	0.86
892.992	8.18	0.84
893.184	8.18	0.8
893.376	8.18	0.78
893.568	8.2	0.8
893.76	8.2	0.8
893.952	8.22	0.78
894.144	8.2	0.78
894.336	8.18	0.78
894.528	8.18	0.8
894.72	8.2	0.78
894.912	8.2	0.76
895.104	8.2	0.78
895.296	8.18	0.78
895.488	8.16	0.76
895.68	8.14	0.78
895.872	8.1	0.78
896.064	8.12	0.82
896.256	8.14	0.82
896.448	8.12	0.70000001
896.64	8.1	1.10000001
896.832	8.08	1.28000001
897.024	8.06	1.26000001
897.216	8.08	1.18000002
897.408	8.06	1.24000002
897.6	8.06	1.22000002
897.792	8.08	1.18000002
897.984	8.08	1.18000002
898.176	8.06	1.18000002
898.368	8.06	1.28000001
898.56	8.06	0.82000001
898.752	8.06	0.66000001
898.944	8.06	0.68000001
899.136	8.04	0.86
899.328	8.04	0.84
899.52	8.04	0.88
899.712	8.04	1.04
899.904	8.02	0.94
900.096	8.02	0.86000001
900.288	8.02	0.94000001
900.48	8.02	1.04000001
900.672	8.02	1.18000001
900.864	8.02	0.88000001
901.056	8.02	0.84000001
901.248	8.04	0.84000001
901.44	8.06	0.76000001
901.632	8.06	0.66000001
901.824	8.06	0.74000001
902.016	8.08	0.84
902.208	8.1	0.76
902.4	8.12	0.74
902.592	8.14	0.62
902.784	8.18	0.92
902.976	8.2	0.9
903.168	8.22	0.88
903.36	8.24	0.94
903.552	8.26	0.96
903.744	8.28	0.98
903.936	8.28	0.98
904.128	8.3	1.0
904.32	8.32	0.98
904.512	8.36	1.0
904.704	8.36	1.02
904.896	8.38	1.0
905.088	8.38	1.02
905.28	8.38	1.04
905.472	8.38	1.04
905.664	8.42	1.02
905.856	8.46	1.02
906.048	8.48	1.0
906.24	8.5	0.98
906.432	8.5	0.96
906.624	8.5	1.0
906.816	8.5	1.0
907.008	8.52	0.96
907.2	8.54	0.94
907.392	8.54	0.92
907.584	8.54	0.94
907.776	8.52	0.94
907.968	8.5	0.94
908.16	8.48	0.96
908.352	8.46	0.96
908.544	8.48	0.9
908.736	8.5	0.88
908.928	8.48	0.88
909.12	8.46	0.88
909.312	8.46	0.88
909.504	8.44	0.86
909.696	8.44	0.86
909.888	8.44	0.86
910.08	8.46	0.86
910.272	8.46	0.88
910.464	8.42	0.86
910.656	8.4	0.88
910.848	8.4	0.92
911.04	8.4	0.92
911.232	8.4	0.9
911.424	8.4	0.88
911.616	8.4	0.88
911.808	8.38	0.88
912.0	8.36	0.88
912.192	8.36	0.86
912.384	8.38	0.86
912.576	8.36	0.86
912.768	8.34	0.84
912.96	8.34	0.82
913.152	8.34	0.84
913.344	8.32	0.86
913.536	8.32	0.84
913.728	8.32	0.84
913.92	8.32	0.82
914.112	8.3	0.82
914.304	8.28	0.82
914.496	8.28	0.82
914.688	8.28	0.8
914.88	8.26	0.82
915.072	8.24	0.82
915.264	8.24	0.8
915.456	8.22	0.82
915.648	8.22	0.8
915.84	8.18	0.7
916.032	8.18	0.7
916.224	8.18	0.7
916.416	8.2	0.7
916.608	8.2	0.72
916.8	8.18	0.72
916.992	8.18	1.16
917.184	8.18	1.22
917.376	8.18	1.2
917.568	8.18	1.22
917.76	8.2	1.32
917.952	8.22	1.3
918.144	8.24	1.34
918.336	8.22	1.34
918.528	8.24	1.34
918.72	8.28	1.34
918.912	8.3	0.9
919.104	8.32	0.9
919.296	8.34	0.92
919.488	8.36	0.92
919.68	8.38	0.94
919.872	8.4	0.98
920.064	8.4	0.98
920.256	8.44	0.88000001
920.448	8.46	0.86000001
920.64	8.48	0.86000001
920.832	8.5	0.88000001
921.024	8.52	0.84000001
921.216	8.54	0.84000001
921.408	8.56	0.84000001
921.6	8.6	0.86000001
921.792	8.58	0.84000001
921.984	8.62	0.82000001
922.176	8.62	0.92
922.368	8.62	0.96
922.56	8.64	0.96
922.752	8.66	0.96
922.944	8.68	0.94
923.136	8.68	0.96
923.328	8.68	1.02
923.52	8.68	0.98
923.712	8.72	0.88000001
923.904	8.72	0.86000001
924.096	8.74	0.88000001
924.288	8.74	0.86000001
924.48	8.72	0.86000001
924.672	8.72	0.84000001
924.864	8.72	0.84000001
925.056	8.72	0.82000001
925.248	8.72	0.74000001
925.44	8.72	0.74000001
925.632	8.7	0.84
925.824	8.7	0.84
926.016	8.68	0.82
926.208	8.68	0.8
926.4	8.68	0.8
926.592	8.68	0.8
926.784	8.66	0.82
926.976	8.68	0.82
927.168	8.7	0.82
927.36	8.66	0.82
927.552	8.66	0.8
927.744	8.66	0.82
927.936	8.66	0.8
928.128	8.64	0.82
928.32	8.66	0.82
928.512	8.64	0.82
928.704	8.62	0.82
928.896	8.6	0.8
929.088	8.58	0.82
929.28	8.6	0.84
929.472	8.6	0.86
929.664	8.56	0.86
929.856	8.54	0.86
930.048	8.56	0.86
930.24	8.54	0.84
930.432	8.52	0.82
930.624	8.52	0.8
930.816	8.52	0.82
931.008	8.52	0.8
931.2	8.5	0.78
931.392	8.48	0.78
931.584	8.48	0.78
931.776	8.48	0.78
931.968	8.48	0.76
932.16	8.46	0.76
932.352	8.46	0.76
932.544	8.46	0.7
932.736	8.44	0.7
932.928	8.42	0.72
933.12	8.42	0.74
933.312	8.42	0.74
933.504	8.42	0.72
933.696	8.42	0.68
933.888	8.42	0.68
934.08	8.44	0.82
934.272	8.46	0.8
934.464	8.48	0.88
934.656	8.5	0.88
934.848	8.5	0.88
935.04	8.52	0.88
935.232	8.54	0.88
935.424	8.56	0.9
935.616	8.6	0.96
935.808	8.62	0.98
936.0	8.62	0.88
936.192	8.64	0.92
936.384	8.64	0.9
936.576	8.66	0.92
936.768	8.7	0.92
936.96	8.72	0.92
937.152	8.76	0.94
937.344	8.78	0.94
937.536	8.78	0.94
937.728	8.78	0.96
937.92	8.82	0.96
938.112	8.82	0.96
938.304	8.86	1.0
938.496	8.88	1.0
938.688	8.88	1.04
938.88	8.9	1.04
939.072	8.9	1.04
939.264	8.92	1.04
939.456	8.92	1.04
939.648	8.94	1.02
939.84	8.94	0.98
940.032	8.92	1.04
940.224	8.9	1.02
940.416	8.9	1.0
940.608	8.9	0.94
940.8	8.88	0.92
940.992	8.86	0.88
941.184	8.84	0.86
941.376	8.86	0.82
941.568	8.86	0.82
941.76	8.84	0.84
941.952	8.86	0.76
942.144	8.88	0.74
942.336	8.86	0.74
942.528	8.86	0.78
942.72	8.88	0.8
942.912	8.9	0.84
943.104	8.92	0.84
943.296	8.92	0.86
943.488	8.92	0.84
943.68	8.92	0.84
943.872	8.94	0.84
944.064	8.92	0.86
944.256	8.92	0.84
944.448	8.92	0.78
944.64	8.9	0.8
944.832	8.9	0.78
945.024	8.9	0.8
945.216	8.88	0.82
945.408	8.86	0.82
945.6	8.88	0.82
945.792	8.86	0.8
945.984	8.86	0.8
946.176	8.86	0.8
946.368	8.86	0.82
946.56	8.86	0.78
946.752	8.84	0.78
946.944	8.82	0.78
947.136	8.82	0.76
947.328	8.82	0.76
947.52	8.8	0.74
947.712	8.8	0.76
947.904	8.8	0.72
948.096	8.78	0.7
948.288	8.78	0.72
948.48	8.78	0.72
948.672	8.76	0.72
948.864	8.74	0.7
949.056	8.74	0.72
949.248	8.74	0.66
949.44	8.72	0.68
949.632	8.7	0.68
949.824	8.68	0.72
950.016	8.68	0.76
950.208	8.66	0.76
950.4	8.66	0.76
950.592	8.68	0.76
950.784	8.7	0.78
950.976	8.68	0.76
951.168	8.66	0.84
951.36	8.68	0.84
951.552	8.7	0.86
951.744	8.72	0.86
951.936	8.74	0.86
952.128	8.76	0.86
952.32	8.78	0.9
952.512	8.8	0.92
952.704	8.8	0.94
952.896	8.84	0.96
953.088	8.88	0.98
953.28	8.88	1.02
953.472	8.9	1.06
953.664	8.92	1.06
953.856	8.94	1.1
954.048	8.96	1.16
954.24	8.98	1.18
954.432	8.98	1.18
954.624	9.0	1.18
954.816	9.02	1.2
955.008	9.02	1.22
955.2	9.06	1.18
955.392	9.08	1.14
955.584	9.1	1.16
955.776	9.12	1.12
955.968	9.14	1.06
956.16	9.14	0.92000001
956.352	9.16	1.08000001
956.544	9.18	1.20000001
956.736	9.18	1.26000001
956.928	9.2	1.16000001
957.12	9.2	1.06000002
957.312	9.2	0.96000003
957.504	9.2	0.88000003
957.696	9.18	0.94000003
957.888	9.18	1.00000003
958.08	9.18	1.06000002
958.272	9.18	0.84000002
958.464	9.16	0.64000002
958.656	9.16	0.54000002
958.848	9.16	0.56000002
959.04	9.14	0.84000001
959.232	9.14	1.0
959.424	9.12	0.92
959.616	9.14	0.82
959.808	9.14	0.7
960.0	9.14	0.72
960.192	9.12	0.74
960.384	9.14	0.78
960.576	9.12	0.8
960.768	9.12	0.82
960.96	9.12	0.66
961.152	9.12	0.6
961.344	9.12	0.74
961.536	9.12	0.74
961.728	9.1	0.8
961.92	9.08	0.82
962.112	9.08	0.82
962.304	9.06	0.82
962.496	9.06	0.82
962.688	9.04	0.84
962.88	9.04	0.82
963.072	9.02	0.8
963.264	9.02	0.78
963.456	9.0	0.8
963.648	8.98	0.78
963.84	8.98	0.76
964.032	8.98	0.76
964.224	8.98	1.06
964.416	8.98	1.06
964.608	8.98	0.92
964.8	8.96	0.88
964.992	8.94	0.92
965.184	8.94	0.8
965.376	8.94	0.74
965.568	8.94	1.08
965.76	8.94	1.12
965.952	8.94	1.22
966.144	8.92	0.98
966.336	8.9	0.9
966.528	8.88	1.22
966.72	8.88	1.34
966.912	8.88	1.52
967.104	8.86	1.66
967.296	8.86	1.72
967.488	8.88	1.4
967.68	8.86	1.36
967.872	8.86	1.28
968.064	8.88	1.24
968.256	8.9	1.34
968.448	8.92	1.16
968.64	8.94	1.08
968.832	8.96	0.9
969.024	8.98	0.9
969.216	9.0	0.94
969.408	9.02	0.94
969.6	9.06	0.98
969.792	9.08	1.0
969.984	9.1	1.02
970.176	9.14	1.02
970.368	9.16	1.0
970.56	9.18	1.02
970.752	9.2	1.0
970.944	9.22	1.0
971.136	9.24	1.0
971.328	9.24	1.0
971.52	9.24	0.98
971.712	9.24	0.98
971.904	9.26	0.98
972.096	9.26	0.96
972.288	9.26	1.0
972.48	9.26	0.98
972.672	9.28	1.0
972.864	9.3	1.06
973.056	9.3	1.06
973.248	9.3	1.24
973.44	9.32	1.3
973.632	9.34	1.3
973.824	9.34	1.22
974.016	9.34	1.2
974.208	9.36	1.2
974.4	9.38	1.16
974.592	9.4	1.16
974.784	9.42	1.14
974.976	9.42	1.1
975.168	9.44	0.9
975.36	9.46	0.82
975.552	9.46	0.78
975.744	9.46	0.88
975.936	9.44	0.84
976.128	9.44	0.82
976.32	9.44	0.84
976.512	9.42	0.82
976.704	9.4	0.78
976.896	9.38	0.8
977.088	9.36	0.8
977.28	9.34	0.82
977.472	9.32	0.82
977.664	9.3	0.76
977.856	9.32	0.8
978.048	9.3	0.8
978.24	9.28	0.82
978.432	9.28	0.82
978.624	9.26	0.8
978.816	9.26	0.78
979.008	9.26	0.78
979.2	9.26	0.78
979.392	9.26	0.78
979.584	9.26	0.78
979.776	9.24	0.78
979.968	9.22	0.76
980.16	9.22	0.74
980.352	9.18	0.72
980.544	9.18	0.72
980.736	9.18	0.7
980.928	9.18	0.68
981.12	9.16	0.68
981.312	9.14	0.7
981.504	9.14	0.72
981.696	9.14	0.76
981.888	9.16	0.8
982.08	9.16	0.86
982.272	9.18	0.88
982.464	9.18	0.9
982.656	9.18	0.9
982.848	9.16	0.94
983.04	9.16	0.92
983.232	9.16	0.9
983.424	9.16	1.0
983.616	9.14	0.86
983.808	9.14	0.84
984.0	9.12	0.8
984.192	9.12	0.78
984.384	9.12	0.76
984.576	9.12	0.8
984.768	9.14	0.8
984.96	9.14	0.82
985.152	9.16	0.82
985.344	9.18	0.74
985.536	9.2	0.86
985.728	9.22	0.88
985.92	9.26	0.9
986.112	9.28	0.92
986.304	9.3	0.94
986.496	9.32	0.96
986.688	9.34	0.94
986.88	9.36	0.94
987.072	9.38	0.98
987.264	9.4	0.98
987.456	9.42	1.0
987.648	9.44	0.98
987.84	9.44	0.96
988.032	9.44	0.96
988.224	9.44	1.0
988.416	9.46	1.0
988.608	9.46	1.04
988.8	9.48	1.06
988.992	9.5	1.04
989.184	9.5	1.02
989.376	9.52	1.0
989.568	9.52	1.02
989.76	9.54	1.02
989.952	9.56	1.12
990.144	9.58	1.08
990.336	9.58	1.04
990.528	9.58	1.02
990.72	9.6	1.0
990.912	9.6	1.0
991.104	9.58	1.0
991.296	9.58	0.98
991.488	9.58	0.96
991.68	9.58	0.94
991.872	9.58	0.84
992.064	9.58	0.82
992.256	9.58	0.84
992.448	9.6	0.84
992.64	9.58	0.82
992.832	9.58	0.8
993.024	9.6	0.8
993.216	9.6	0.82
993.408	9.58	0.82
993.6	9.58	0.82
993.792	9.58	0.8
993.984	9.58	0.82
994.176	9.56	0.8
994.368	9.56	0.78
994.56	9.54	0.8
994.752	9.54	0.8
994.944	9.54	0.8
995.136	9.52	0.78
995.328	9.54	0.76
995.52	9.52	0.76
995.712	9.5	0.78
995.904	9.5	0.76
996.096	9.5	0.76
996.288	9.46	0.76
996.48	9.46	0.76
996.672	9.44	0.78
996.864	9.42	0.76
