0.0
295.0
231.0
343.0
316.0
275.0
290.0
271.0
319.0
262.0
273.0
245.0
258.0
269.0
280.0
312.0
270.0
265.0
275.0
283.0
266.0
282.0
290.0
283.0
276.0
340.0
283.0
309.0
283.0
275.0
217.0
256.0
289.0
249.0
277.0
223.0
244.0
266.0
239.0
298.0
297.0
273.0
322.0
253.0
318.0
279.0
263.0
308.0
311.0
264.0
288.0
292.0
263.0
284.0
279.0
313.0
275.0
310.0
281.0
278.0
280.0
292.0
278.0
247.0
257.0
262.0
331.0
301.0
230.0
251.0
321.0
285.0
277.0
214.0
283.0
378.0
228.0
206.0
334.0
394.0
293.0
249.0
319.0
262.0
269.0
318.0
263.0
247.0
254.0
276.0
277.0
267.0
306.0
289.0
263.0
221.0
284.0
317.0
289.0
298.0
