359.0
354.0
373.0
418.0
395.0
319.0
355.0
364.0
398.0
334.0
349.0
375.0
331.0
393.0
349.0
323.0
363.0
354.0
376.0
333.0
332.0
335.0
357.0
378.0
392.0
357.0
415.0
423.0
345.0
385.0
380.0
356.0
361.0
441.0
319.0
369.0
329.0
364.0
442.0
414.0
445.0
452.0
347.0
403.0
378.0
365.0
346.0
382.0
400.0
364.0
381.0
397.0
389.0
343.0
398.0
328.0
385.0
353.0
429.0
370.0
437.0
360.0
348.0
341.0
481.0
351.0
382.0
341.0
350.0
342.0
351.0
347.0
379.0
378.0
363.0
322.0
407.0
342.0
388.0
364.0
352.0
374.0
390.0
380.0
386.0
356.0
303.0
370.0
364.0
348.0
398.0
360.0
411.0
384.0
343.0
343.0
378.0
361.0
393.0
373.0
